CreateObject(2774, -387.099609375, 1752.69921875, 55.099998474121, 0, 0, 331.99035644531);
CreateObject(8635, -329.10000610352, 1771.9000244141, 41.799999237061, 0, 0, 180);
CreateObject(9166, -341.29998779297, 1762, 45.900001525879, 0, 0, 180);
CreateObject(3620, -328.20001220703, 1876.0999755859, 54.400001525879, 0, 0, 0);
CreateObject(5154, -360.20001220703, 1800.0999755859, 46.5, 0, 0, 0);
CreateObject(9819, -324.60000610352, 1797.3000488281, 42.700000762939, 0, 0, 0);
CreateObject(9822, -324.89999389648, 1797, 42.400001525879, 0, 0, 0);
CreateObject(10841, -383, 1893.0999755859, 62.400001525879, 0, 0, 96);
CreateObject(10841, -371.69921875, 1783.19921875, 52.700000762939, 0, 0, 69.999389648438);
CreateObject(10841, -368.599609375, 1804.7998046875, 55.799999237061, 0, 0, 93.9990234375);
CreateObject(10841, -371.70001220703, 1827.0999755859, 57.099998474121, 0, 0, 101.99710083008);
CreateObject(10841, -376.3994140625, 1849.099609375, 58.599998474121, 0, 0, 101.9970703125);
CreateObject(10841, -380.2998046875, 1870.7998046875, 60, 0, 0, 97.998046875);
CreateObject(10841, -403, 1927.8000488281, 64.400001525879, 0, 0, 161.99682617188);
CreateObject(10841, -388.5, 1914.2998046875, 64.400001525879, 0, 0, 111.99462890625);
CreateObject(10841, -423.39999389648, 1927.8000488281, 76.900001525879, 0, 0, 27.996826171875);
CreateObject(10841, -405.5, 1940.9000244141, 74.199996948242, 0, 0, 43.994750976563);
CreateObject(10841, -383.20001220703, 1730.9000244141, 48.599998474121, 0, 0, 153.99633789063);
CreateObject(10841, -362.20001220703, 1725.5, 48.700000762939, 0, 0, 175.99536132813);
CreateObject(10841, -339.79998779297, 1724.3000488281, 48.799999237061, 0, 0, 177.98999023438);
CreateObject(10841, -295.39999389648, 1724.8000488281, 49.099998474121, 0, 0, 179.98852539063);
CreateObject(10841, -301.5, 1889.8000488281, 49, 0, 0, 305.98352050781);
CreateObject(10841, -273, 1724.7998046875, 49.099998474121, 0, 0, 179.98352050781);
CreateObject(10841, -251.30000305176, 1841.6999511719, 85.599998474121, 0, 0, 211.96923828125);
CreateObject(10841, -288.099609375, 1871.3994140625, 49, 0, 0, 305.98022460938);
CreateObject(10841, -302.20001220703, 1908, 49, 0, 0, 239.97888183594);
CreateObject(11237, -360.79998779297, 1809.6999511719, 57.799999237061, 0, 0, 270);
CreateObject(9583, -328.20001220703, 1890.6999511719, 52.799999237061, 0, 0, 0);
CreateObject(9583, -308, 1742.6999511719, 68.199996948242, 0, 0, 0);
CreateObject(903, -351.70001220703, 1872.5999755859, 45.599998474121, 0, 0, 0);
CreateObject(903, -351.69921875, 1872.599609375, 47.099998474121, 0, 0, 0);
CreateObject(9245, -341.2998046875, 1792.3994140625, 53.599998474121, 0, 0, 90);
CreateObject(1383, -267.10000610352, 1883.4000244141, 73.800003051758, 0, 0, 0);
CreateObject(1384, -267.10000610352, 1883.4000244141, 106.40000152588, 0, 0, 0);
CreateObject(8879, -352, 1743, 48, 0, 0, 180);
CreateObject(8878, -352, 1736.4000244141, 48.900001525879, 0, 0, 44);
CreateObject(8879, -316.5, 1852.6999511719, 47.400001525879, 0, 0, 57.994506835938);
CreateObject(8878, -322.19921875, 1856.2998046875, 48.200000762939, 0, 0, 281.9970703125);
CreateObject(8879, -295.20001220703, 1784.0999755859, 47.900001525879, 0, 0, 179.99133300781);
CreateObject(8878, -295.20001220703, 1777.4000244141, 48.700000762939, 0, 0, 44);
CreateObject(929, -315.89999389648, 1801.6999511719, 42.700000762939, 0, 0, 270);
CreateObject(929, -311.7998046875, 1801.69921875, 42.700000762939, 0, 0, 270);
CreateObject(943, -360.79998779297, 1836.5, 46.599998474121, 0, 0, 0);
CreateObject(943, -360.7998046875, 1837.2998046875, 43.299999237061, 0, 0, 0);
CreateObject(943, -360.79998779297, 1838.5999755859, 49.799999237061, 0, 0, 0);
CreateObject(958, -336.20001220703, 1780, 42.599998474121, 0, 0, 90);
CreateObject(959, -337.5, 1779.9000244141, 42.700000762939, 0, 0, 143.99996948242);
CreateObject(1353, -329.20001220703, 1796.0999755859, 50.5, 0, 0, 0);
CreateObject(1353, -329.20001220703, 1767, 50.5, 0, 0, 0);
CreateObject(1353, -329.10000610352, 1744.3000488281, 50.599998474121, 0, 0, 0);
CreateObject(3255, -312.89999389648, 1878.6999511719, 41.099998474121, 0, 0, 0);
CreateObject(3259, -298, 1853.6999511719, 41.299999237061, 0, 0, 0);
CreateObject(3272, -360.89999389648, 1798.1999511719, 49.700000762939, 0, 0, 0);
CreateObject(3273, -360.89999389648, 1832, 41.299999237061, 0, 0, 90);
CreateObject(3384, -341.10000610352, 1780.6999511719, 43.200000762939, 0, 0, 90);
CreateObject(3427, -351.5, 1855.4000244141, 41.099998474121, 0, 0, 0);
CreateObject(3470, -356, 1807.8000488281, 45.700000762939, 0, 0, 180);
CreateObject(3631, -351.60000610352, 1848.8000488281, 41.900001525879, 0, 0, 0);
CreateObject(3636, -220, 1771.1999511719, 105.5, 0, 0, 0);
CreateObject(3637, -301.5, 1826.8000488281, 49.400001525879, 0, 0, 154);
CreateObject(3638, -267.29998779297, 1898.1999511719, 44.599998474121, 0, 0, 0);
CreateObject(3643, -197, 1784, 102.90000152588, 0, 0, 0);
CreateObject(14635, -346.79998779297, 1769.8000488281, 43.700000762939, 0, 0, 0);
CreateObject(3107, -484.10000610352, 1815.0999755859, 129.30000305176, 0, 0, 0);
CreateObject(1596, -329.10000610352, 1782.8000488281, 52.400001525879, 0, 0, 0);
CreateObject(1595, -341.29998779297, 1787.8000488281, 52.299999237061, 0, 0, 0);
CreateObject(2774, -308, 1742.7998046875, 55.099998474121, 0, 0, 0);
CreateObject(2774, -394.099609375, 1736.19921875, 53.099998474121, 0, 0, 333.98986816406);
CreateObject(10841, -300.10000610352, 1912, 58.5, 0, 0, 59.974365234375);
CreateObject(3390, -327.60000610352, 1800.8000488281, 41.799999237061, 0, 0, 90);
CreateObject(3391, -331.29998779297, 1800.8000488281, 41.799999237061, 0, 0, 90);
CreateObject(3392, -334.29998779297, 1799.6999511719, 41.700000762939, 0, 0, 180);
CreateObject(3393, -334.29998779297, 1796, 41.700000762939, 0, 0, 180);
CreateObject(3350, -287, 1726.3000488281, 41.799999237061, 0, 0, 224);
CreateObject(3221, -305.29998779297, 1741.3000488281, 41.799999237061, 0, 0, 54);
CreateObject(3193, -314.10000610352, 1750, 41.799999237061, 0, 0, 0);
CreateObject(1808, -346.79998779297, 1781.1999511719, 41.700000762939, 0, 0, 44);
CreateObject(1671, -327.70001220703, 1799.4000244141, 42.200000762939, 0, 0, 128);
CreateObject(1671, -331.39999389648, 1799.4000244141, 42.200000762939, 0, 0, 303.99624633789);
CreateObject(1671, -332.60000610352, 1796.1999511719, 42.200000762939, 0, 0, 229.99169921875);
CreateObject(669, -379.5, 1748.1999511719, 42.400001525879, 0, 0, 0);
CreateObject(669, -394.29998779297, 1788.0999755859, 46.299999237061, 0, 0, 0);
CreateObject(669, -389.20001220703, 1805.5999755859, 48.299999237061, 0, 0, 0);
CreateObject(669, -396, 1825.0999755859, 51.700000762939, 0, 0, 0);
CreateObject(669, -409.70001220703, 1891.0999755859, 56.5, 0, 0, 0);
CreateObject(669, -412, 1865.5999755859, 57.599998474121, 0, 0, 0);
CreateObject(6976, -304.39999389648, 1727.5999755859, 42, 0, 0, 0);
CreateObject(6976, -298.20001220703, 1880.3000488281, 41.799999237061, 0, 0, 126);
CreateObject(6976, -374.60000610352, 1768.5999755859, 43.599998474121, 0, 0, 239.99670410156);
CreateObject(7921, -263.20001220703, 1724.6999511719, 49.299999237061, 0, 0, 269.99389648438);
CreateObject(7921, -382, 1883.2998046875, 62.599998474121, 0, 0, 185.99853515625);
CreateObject(7921, -367.89999389648, 1795.0999755859, 56.099998474121, 0, 0, 183.9990234375);
CreateObject(7921, -369.599609375, 1817.3994140625, 57.299999237061, 0, 0, 191.99705505371);
CreateObject(7921, -369.599609375, 1817.3994140625, 57.299999237061, 0, 0, 191.99705505371);
CreateObject(7921, -379, 1861, 60.299999237061, 0, 0, 187.9970703125);
CreateObject(7921, -385, 1905.1999511719, 64.5, 0, 0, 201.99853515625);
CreateObject(7921, -414.70001220703, 1932.4000244141, 77.099998474121, 0, 0, 297.99462890625);
CreateObject(7921, -374.29998779297, 1839.4000244141, 58.700000762939, 0, 0, 191.9970703125);
CreateObject(2774, -260.70001220703, 1836.0999755859, 76.400001525879, 0, 0, 305.9853515625);
CreateObject(3504, -321.60000610352, 1742.8000488281, 43.400001525879, 0, 0, 90);
CreateObject(10841, -381.099609375, 1763.19921875, 50.799999237061, 0, 0, 59.990844726563);
CreateObject(9241, -334, 1830.4000244141, 42.799999237061, 0, 0, 90);
CreateObject(3749, -390.5, 1744.0999755859, 46.299999237061, 0, 0, 64);
CreateObject(10841, -263.20001220703, 1724.9000244141, 58.599998474121, 0, 0, 179.98352050781);
CreateObject(2774, -274.89999389648, 1724.9000244141, 49.200000762939, 0, 0, 0);
CreateObject(7921, -375.099609375, 1774, 52.900001525879, 0, 0, 159.99389648438);
CreateObject(10841, -317.5, 1724.3994140625, 48.799999237061, 0, 0, 181.98852539063);
CreateObject(980, -160.2998046875, 1761.7998046875, 56.900001525879, 0, 0, 335.99487304688);
CreateObject(10841, -274.8994140625, 1853.19921875, 49, 0, 0, 305.97473144531);
CreateObject(10841, -240.80000305176, 1808.6999511719, 85.900001525879, 0, 0, 305.97473144531);
CreateObject(2774, -305.8994140625, 1902, 49.299999237061, 0, 0, 329.9853515625);
CreateObject(980, -247.30000305176, 1850.9000244141, 60.700000762939, 0, 0, 303.99487304688);
CreateObject(980, -247.30000305176, 1850.9000244141, 66.300003051758, 0, 0, 303.99169921875);
CreateObject(10841, -267.5, 1843, 65.400001525879, 0, 0, 305.97473144531);
CreateObject(2774, -278.3994140625, 1858.099609375, 49.099998474121, 0, 0, 305.98022460938);
CreateObject(7921, -382, 1883.2998046875, 62.599998474121, 0, 0, 185.99853515625);
CreateObject(7921, -265.79998779297, 1840.6999511719, 58.799999237061, 0, 0, 215.99853515625);
CreateObject(7921, -295.19921875, 1920.5, 58.700000762939, 0, 0, 329.99633789063);
CreateObject(10841, -271.69921875, 1848.69921875, 58.700000762939, 0, 0, 305.97473144531);
CreateObject(2774, -274.29998779297, 1852.3000488281, 56, 0, 0, 305.98022460938);
CreateObject(10841, -254.099609375, 1827, 86, 0, 0, 305.96920776367);
CreateObject(2774, -241.39999389648, 1847.5999755859, 76.300003051758, 0, 0, 301.98022460938);
CreateObject(7921, -243.60000610352, 1846.5999755859, 76.599998474121, 0, 0, 301.99633789063);
CreateObject(2774, -433.60000610352, 1922.4000244141, 67.599998474121, 0, 0, 297.99035644531);
CreateObject(3749, 320.3994140625, -1187.099609375, 81.300003051758, 0, 0, 39.995727539063);
CreateObject(14467, 311.69921875, -1193.8994140625, 82.599998474121, 0, 0, 37.996215820313);
CreateObject(14467, 330.599609375, -1179.3994140625, 82.599998474121, 0, 0, 33.997192382813);
CreateObject(987, 304.2998046875, -1201.2998046875, 79.900001525879, 0, 0, 36);
CreateObject(987, 304.10000610352, -1201.4000244141, 79.900001525879, 0, 0, 35.996704101563);
CreateObject(987, 329.5, -1181.8000488281, 79.900001525879, 0, 0, 40);
CreateObject(987, 338.5, -1174, 79.900001525879, 0, 0, 42);
CreateObject(987, 341.89999389648, -1171, 79.900001525879, 0, 0, 44);
CreateObject(987, 350.5, -1162.5999755859, 79.699996948242, 0, 0, 128);
CreateObject(987, 343.29998779297, -1153.0999755859, 79.699996948242, 0, 0, 128);
CreateObject(987, 336, -1143.3000488281, 79.800003051758, 0, 0, 126);
CreateObject(987, 328.89999389648, -1133.9000244141, 79.800003051758, 0, 0, 128);
CreateObject(987, 321.599609375, -1124.19921875, 79.800003051758, 0, 0, 125.99621582031);
CreateObject(987, 312.20001220703, -1111.4000244141, 80, 0, 0, 158);
CreateObject(987, 319.10000610352, -1120.5, 79.900001525879, 0, 0, 126);
CreateObject(987, 302.39999389648, -1107.4000244141, 81, 0, 358, 158);
CreateObject(987, 291.39999389648, -1102.8000488281, 82, 0, 6, 266);
CreateObject(987, 290.70001220703, -1114.5999755859, 80.800003051758, 0, 4, 250);
CreateObject(987, 286.79998779297, -1126, 79.800003051758, 0, 0, 236);
CreateObject(987, 280, -1135.8000488281, 79.699996948242, 0, 0, 224);
CreateObject(987, 271.19921875, -1143.8994140625, 79.800003051758, 0, 5.99853515625, 203.99963378906);
CreateObject(987, 260.60000610352, -1148.5, 79, 0, 8, 194);
CreateObject(987, 249.19999694824, -1151.1999511719, 77.300003051758, 0, 0, 195.99995422363);
CreateObject(987, 237.69999694824, -1154.5, 77.300003051758, 0, 0, 198);
CreateObject(987, 226.5, -1158.1999511719, 77.300003051758, 0, 0, 235.99993896484);
CreateObject(987, 219.69999694824, -1168.0999755859, 77.300003051758, 0, 0, 242);
CreateObject(987, 214.19999694824, -1178.6999511719, 77.300003051758, 0, 0, 234.5);
CreateObject(987, 209, -1185.5999755859, 77.5, 0, 0, 234);
CreateObject(987, 201.39999389648, -1195.3000488281, 79.900001525879, 0, 0, 310);
CreateObject(987, 208.89999389648, -1204.5, 80, 0, 0, 308);
CreateObject(987, 216, -1213.9000244141, 80.199996948242, 0, 0, 310);
CreateObject(987, 223.19999694824, -1222.5, 80.400001525879, 0, 0, 308);
CreateObject(987, 230.39999389648, -1231.8000488281, 80.5, 0, 0, 308);
CreateObject(987, 234.19999694824, -1236.5, 80.5, 0, 0, 310);
CreateObject(987, 242, -1246, 77, 0, 0, 36);
CreateObject(987, 245, -1243, 77, 0, 0, 34);
CreateObject(987, 268.79998779297, -1226.5999755859, 79.099998474121, 0, 356, 38);
CreateObject(987, 277.79998779297, -1220.0999755859, 79.699996948242, 0, 358, 34);
CreateObject(987, 287.70001220703, -1213.5999755859, 80.300003051758, 0, 359.99499511719, 33.997192382813);
CreateObject(987, 294.89999389648, -1209.0999755859, 80.300003051758, 0, 0, 38);
CreateObject(3934, 219.39999389648, -1203, 74.300003051758, 0, 0, 215.99995422363);
CreateObject(1255, 227.5, -1197.5999755859, 74.900001525879, 0, 0, 105.99993896484);
CreateObject(1255, 230.30000305176, -1195.6999511719, 74.900001525879, 0, 0, 105.99993896484);
CreateObject(2964, 228.19999694824, -1170.6999511719, 74.300003051758, 0, 0, 34.250030517578);
CreateObject(3000, 228.69999694824, -1170.0999755859, 75.199996948242, 0, 0, 0);
CreateObject(2999, 228.5, -1170.5, 75.199996948242, 0, 0, 0);
CreateObject(2998, 228, -1170.9000244141, 75.199996948242, 0, 0, 0);
CreateObject(2997, 227.80000305176, -1170.8000488281, 75.199996948242, 0, 0, 0);
CreateObject(2996, 227.89999389648, -1171.5, 75.199996948242, 0, 0, 0);
CreateObject(2995, 227.5, -1170.6999511719, 75.199996948242, 0, 0, 0);
CreateObject(3004, 227.89999389648, -1170.6999511719, 75.199996948242, 0, 326.49993896484, 336);
CreateObject(2455, 241.60000610352, -1166.9000244141, 74.300003051758, 0, 0, 217.00012207031);
CreateObject(2455, 240.80000305176, -1167.5, 74.300003051758, 0, 0, 216.99645996094);
CreateObject(2455, 240, -1168.0999755859, 74.300003051758, 0, 0, 216.99645996094);
CreateObject(2454, 239.30000305176, -1168.6999511719, 74.300003051758, 0, 0, 220);
CreateObject(2455, 240.39999389648, -1170.1999511719, 74.300003051758, 0, 0, 308);
CreateObject(2455, 241, -1171, 74.300003051758, 0, 0, 307.99621582031);
CreateObject(2455, 241.60000610352, -1171.8000488281, 74.300003051758, 0, 0, 307.99621582031);
CreateObject(2455, 242.19999694824, -1172.5999755859, 74.300003051758, 0, 0, 307.99621582031);
CreateObject(2454, 242.80000305176, -1173.4000244141, 74.300003051758, 0, 0, 305.99572753906);
CreateObject(2455, 243.80000305176, -1172.8000488281, 74.300003051758, 0, 0, 36.996459960938);
CreateObject(2455, 244.60000610352, -1172.1999511719, 74.300003051758, 0, 0, 36.990966796875);
CreateObject(2455, 245.39999389648, -1171.5999755859, 74.300003051758, 0, 0, 36.990966796875);
CreateObject(2500, 245.89999389648, -1171.5, 75.300003051758, 0, 0, 310);
CreateObject(2541, 241.5, -1167, 75.300003051758, 0, 0, 306);
CreateObject(2601, 240.39999389648, -1170, 75.400001525879, 0, 0, 0);
CreateObject(2601, 240.30000305176, -1170.4000244141, 75.400001525879, 0, 0, 0);
CreateObject(2601, 245.19999694824, -1171.6999511719, 75.400001525879, 0, 0, 0);
CreateObject(2601, 245.39999389648, -1171.9000244141, 75.400001525879, 0, 0, 0);
CreateObject(2601, 242.80000305176, -1173.4000244141, 75.400001525879, 0, 0, 0);
CreateObject(2601, 244, -1173, 75.400001525879, 0, 0, 0);
CreateObject(1484, 239.19999694824, -1168.8000488281, 75.5, 0, 0, 0);
CreateObject(1484, 240.39999389648, -1167.6999511719, 75.5, 0, 0, 0);
CreateObject(1455, 242.19999694824, -1172.4000244141, 75.400001525879, 0, 0, 0);
CreateObject(1486, 247.80000305176, -1189.8000488281, 76.5, 0, 0, 0);
CreateObject(1486, 247.39999389648, -1190.0999755859, 76.5, 0, 0, 0);
CreateObject(1486, 249.69999694824, -1188.5, 76.5, 0, 80, 0);
CreateObject(1512, 241, -1167.5999755859, 75.5, 0, 0, 0);
CreateObject(16151, 221.30000305176, -1167.9000244141, 74.300003051758, 0, 0, 154);
CreateObject(1481, 238, -1167.5, 75, 0, 0, 0);
CreateObject(1481, 237.10000610352, -1167.5, 75, 0, 0, 0);
CreateObject(1481, 236.19999694824, -1167.5, 75, 0, 0, 0);
CreateObject(2804, 236.19999694824, -1167.8000488281, 75.300003051758, 0, 0, 265.99548339844);
CreateObject(2804, 237, -1167.8000488281, 75.300003051758, 0, 0, 265.99548339844);
CreateObject(2804, 237.89999389648, -1167.8000488281, 75.300003051758, 0, 0, 265.99548339844);
CreateObject(1840, 219.30000305176, -1170.6999511719, 74.900001525879, 0, 0, 152);
CreateObject(1840, 223.10000610352, -1165.1999511719, 74.900001525879, 0, 0, 151.99584960938);
CreateObject(2013, 243.60000610352, -1169, 74.300003051758, 0, 0, 308);
CreateObject(2017, 243, -1168.1999511719, 74.300003051758, 0, 0, 310);
CreateObject(2097, 215.80000305176, -1184.9000244141, 74.599998474121, 0, 0, 122);
CreateObject(2102, 222.60000610352, -1167.3000488281, 74.900001525879, 0, 0, 67.999938964844);
CreateObject(2229, 253, -1196.5, 75.199996948242, 0, 0, 211.99768066406);
CreateObject(2229, 252.69921875, -1196.69921875, 75.199996948242, 0, 0, 211.9921875);
CreateObject(2232, 252.5, -1196.7998046875, 75.699996948242, 0, 0, 215.99670410156);
CreateObject(2232, 251.89999389648, -1197.1999511719, 75.699996948242, 0, 0, 215.99670410156);
CreateObject(2231, 252.2998046875, -1196.8994140625, 76.300003051758, 0, 0, 209.99816894531);
CreateObject(2231, 251.69921875, -1197.3994140625, 76.300003051758, 0, 0, 209.99816894531);
CreateObject(2822, 241.60000610352, -1172, 75.400001525879, 0, 0, 0);
CreateObject(14391, 248.2998046875, -1199.099609375, 76.099998474121, 0, 0, 125.74948120117);
CreateObject(2232, 245.19999694824, -1201.1999511719, 75.699996948242, 0, 0, 215.99670410156);
CreateObject(2232, 244.60000610352, -1201.5999755859, 75.699996948242, 0, 0, 215.99670410156);
CreateObject(2231, 245.3994140625, -1201.7998046875, 76.300003051758, 0, 0, 209.99816894531);
CreateObject(2231, 244.69921875, -1202.2998046875, 76.300003051758, 0, 0, 209.99816894531);
CreateObject(2229, 244, -1202.1999511719, 75.099998474121, 0, 0, 211.99768066406);
CreateObject(2229, 244.30000305176, -1202.5999755859, 75.900001525879, 0, 0, 211.99768066406);
CreateObject(1432, 235.10000610352, -1175.5999755859, 74.300003051758, 0, 0, 0);
CreateObject(1432, 237.39999389648, -1178.8000488281, 74.300003051758, 0, 0, 0);
CreateObject(1432, 239.19999694824, -1181.8000488281, 74.300003051758, 0, 0, 0);
CreateObject(1594, 231.69921875, -1203.69921875, 75.599998474121, 0, 0, 0);
CreateObject(1594, 228.89999389648, -1205.4000244141, 75.599998474121, 0, 0, 0);
CreateObject(2207, 234.69921875, -1208, 75.099998474121, 0, 0, 215.99670410156);
CreateObject(2800, 234.69999694824, -1208.4000244141, 75.900001525879, 0, 0, 0);
CreateObject(2800, 233.39999389648, -1209.5, 75.900001525879, 0, 0, 0);
CreateObject(1209, 246.89999389648, -1173.0999755859, 74.300003051758, 0, 0, 306);
CreateObject(642, 226.89999389648, -1198.9000244141, 75.699996948242, 0, 0, 0);
CreateObject(642, 229.69999694824, -1197.3000488281, 75.699996948242, 0, 0, 0);
CreateObject(3399, 229.39999389648, -1160.5999755859, 76.900001525879, 0, 346, 30);
CreateObject(1245, 237.10000610352, -1156, 79.199996948242, 0, 0, 23.998168945313);
CreateObject(947, 269.10000610352, -1155.5, 82.099998474121, 0, 0, 222);
CreateObject(2114, 268.79998779297, -1155.0999755859, 81.800003051758, 0, 0, 0);
CreateObject(2114, 270.70001220703, -1154.3000488281, 80.099998474121, 0, 0, 0);
CreateObject(3749, 261.599609375, -1231.69921875, 78.599998474121, 0, 356.24816894531, 39.74853515625);
CreateObject(3934, 288.79998779297, -1191.3000488281, 79.900001525879, 0, 0, 0);
CreateObject(7933, 288.70001220703, -1195, 80.099998474121, 0, 0, 0);
CreateObject(7933, 288.70001220703, -1187.9000244141, 80.5, 0, 0, 180);
CreateObject(997, 283.20001220703, -1193, 79.300003051758, 0, 0, 88.25);
CreateObject(2404, 304.79998779297, -1156.0999755859, 81.199996948242, 0, 0, 0);
CreateObject(3526, 315.70001220703, -1204.6999511719, 75, 0, 0, 36.750030517578);
CreateObject(3526, 317.60000610352, -1203.3000488281, 75.099998474121, 0, 0, 36.749267578125);
CreateObject(3526, 319.3994140625, -1201.8994140625, 75.099998474121, 0, 0, 36.743774414063);
CreateObject(3526, 334.20001220703, -1190.1999511719, 75.400001525879, 0, 0, 36.749267578125);
CreateObject(3526, 336, -1188.6999511719, 75.5, 0, 0, 36.743774414063);
CreateObject(3526, 338.10000610352, -1187, 75.599998474121, 0, 0, 36.743774414063);
CreateObject(14637, 321.5, -1189.099609375, 86.300003051758, 0, 0, 311.99523925781);
CreateObject(2773, 301.60000610352, -1155.9000244141, 80.400001525879, 0, 0, 134);
CreateObject(2773, 298.79998779297, -1153.0999755859, 80.400001525879, 0, 0, 133.99475097656);
CreateObject(2773, 297.39999389648, -1154.5, 80.400001525879, 0, 0, 133.99475097656);
CreateObject(2773, 300.20001220703, -1157.3000488281, 80.400001525879, 0, 0, 133.99475097656);
CreateObject(3640, 263.20001220703, -1169.6999511719, 83.400001525879, 0, 0, 44);
CreateObject(3939, 261.60000610352, -1182.5, 80.800003051758, 0, 0, 0);
CreateObject(2232, 260.70001220703, -1176.5, 80.5, 0, 182, 43.996673583984);
CreateObject(2232, 261.20001220703, -1176, 80.5, 0, 181.99951171875, 43.994750976563);
CreateObject(2232, 261.70001220703, -1175.5, 80.5, 0, 181.99951171875, 43.994750976563);
CreateObject(2229, 260.79998779297, -1176.9000244141, 80.699996948242, 0, 0, 43.997680664063);
CreateObject(2231, 260.89999389648, -1176.1999511719, 81.099998474121, 0, 0, 39.998168945313);
CreateObject(2231, 261.89999389648, -1175.3000488281, 81.099998474121, 0, 0, 39.995727539063);
CreateObject(2232, 261.29998779297, -1176, 81.699996948242, 0, 181.99951171875, 43.994750976563);
CreateObject(14467, 306.39999389648, -1183.5999755859, 82.599998474121, 0, 0, 37.996215820313);
CreateObject(14467, 318.79998779297, -1171.9000244141, 82.599998474121, 0, 0, 33.997192382813);
CreateObject(3526, 213.60000610352, -1202.1999511719, 74.400001525879, 0, 0, 213.99719238281);
CreateObject(3526, 218.19999694824, -1208.5999755859, 74.400001525879, 0, 0, 213.99719238281);
CreateObject(3526, 225.19999694824, -1203.5, 74.400001525879, 0, 0, 213.99719238281);
CreateObject(3526, 220.69999694824, -1197.1999511719, 74.400001525879, 0, 0, 213.99719238281);
CreateObject(3524, 259.60000610352, -1233.0999755859, 75.300003051758, 0, 0, 46);
CreateObject(3524, 264.20001220703, -1229.8000488281, 75.900001525879, 0, 0, 45.999755859375);
CreateObject(3932, 272, -1219.0999755859, 75.599998474121, 0, 0, 164);
CreateObject(3932, 245.89999389648, -1236.8000488281, 74.400001525879, 0, 352, 79.999938964844);
CreateObject(2886, 316.60000610352, -1193, 79, 0, 0, 38.750061035156);
CreateObject(2231, 221.10000610352, -1192.5, 74.300003051758, 0, 0, 123.99816894531);
CreateObject(2410, 222.30000305176, -1192, 75.199996948242, 0, 0, 215.99993896484);
CreateObject(6295, 2410.1999511719, 566, 32.799999237061, 0, 0, 0);
CreateObject(3526, 2277.099609375, 633.19921875, 9.6999998092651, 0, 0, 0);
CreateObject(3526, 2275.8000488281, 633.20001220703, 9.6999998092651, 0, 0, 0);
CreateObject(3526, 2274.3999023438, 633.20001220703, 9.6999998092651, 0, 0, 0);
CreateObject(11547, 2391.5, 559.8994140625, 9.6999998092651, 0, 0, 0);
CreateObject(11547, 2241.7998046875, 560, 9.6999998092651, 0, 0, 0);
CreateObject(987, 2248.69921875, 602.599609375, 9.8000001907349, 0, 0, 179.99450683594);
CreateObject(987, 2272.19921875, 602.2998046875, 9.8000001907349, 0, 0, 179.99450683594);
CreateObject(987, 2260.3000488281, 602.5, 9.8000001907349, 0, 0, 180);
CreateObject(3749, 2287.5, 604.5, 15.699999809265, 0, 0, 0);
CreateObject(987, 2278.3000488281, 602.29998779297, 9.3999996185303, 0, 0, 179.99450683594);
CreateObject(987, 2307.8000488281, 602.79998779297, 9.8000001907349, 0, 0, 179.99450683594);
CreateObject(987, 2319.8000488281, 602.70001220703, 9.8000001907349, 0, 0, 179.99450683594);
CreateObject(987, 2331.8000488281, 602.59997558594, 9.8000001907349, 0, 0, 179.99450683594);
CreateObject(987, 2343.8999023438, 602.40002441406, 9.8000001907349, 0, 0, 179.99450683594);
CreateObject(987, 2355.8999023438, 602.29998779297, 9.8000001907349, 0, 0, 179.99450683594);
CreateObject(987, 2368, 602.09997558594, 9.8000001907349, 0, 0, 179.99450683594);
CreateObject(987, 2380, 602.09997558594, 9.1999998092651, 0, 0, 179.99450683594);
CreateObject(987, 2392, 602, 9.1999998092651, 0, 0, 179.99450683594);
CreateObject(987, 2395.3000488281, 602, 9.1999998092651, 0, 0, 179.99450683594);
CreateObject(987, 2396.5, 590.20001220703, 9.8000001907349, 0, 0, 89.994506835938);
CreateObject(987, 2396.5, 578.20001220703, 9.8000001907349, 0, 0, 89.994506835938);
CreateObject(987, 2396.6000976563, 566.20001220703, 9.6000003814697, 0, 0, 89.994506835938);
CreateObject(987, 2396.1000976563, 553.79998779297, 9.3000001907349, 0, 0, 87.994506835938);
CreateObject(987, 2395.3999023438, 545.90002441406, 7.5, 0, 2, 85.989501953125);
CreateObject(987, 2236.6999511719, 602.59997558594, 9.8000001907349, 0, 0, 269.99450683594);
CreateObject(987, 2236.599609375, 590.69921875, 9.8000001907349, 0, 0, 271.98852539063);
CreateObject(987, 2237, 578.7998046875, 9.8000001907349, 0, 0, 271.98852539063);
CreateObject(8493, 2365.19921875, 429.599609375, 15.300000190735, 0, 0, 270);
CreateObject(12959, 2387, 588.3994140625, 6.8000001907349, 0, 0, 269.99450683594);
CreateObject(1676, 2393, 568.09997558594, 8.5, 0, 0, 0);
CreateObject(1676, 2393, 562.59997558594, 8.5, 0, 0, 0);
CreateObject(1676, 2392.8999023438, 556.79998779297, 8.5, 0, 0, 0);
CreateObject(1676, 2393, 551.59997558594, 8.5, 0, 0, 0);
CreateObject(1676, 2240.3000488281, 568.20001220703, 8.5, 0, 0, 0);
CreateObject(1676, 2240.3000488281, 562.59997558594, 8.5, 0, 0, 0);
CreateObject(1676, 2240.3000488281, 557.20001220703, 8.5, 0, 0, 0);
CreateObject(1676, 2240.3000488281, 551.79998779297, 8.5, 0, 0, 0);
CreateObject(967, 2296, 622.40002441406, 9.8000001907349, 0, 0, 90);
CreateObject(3524, 2293.1999511719, 606.29998779297, 12.699999809265, 0, 0, 172);
CreateObject(3524, 2281.8999023438, 606.20001220703, 12.699999809265, 0, 0, 171.99645996094);
CreateObject(987, 2396.5, 602.20001220703, 9.8000001907349, 0, 0, 179.99450683594);
CreateObject(3877, 2397, 602.90002441406, 11.5, 0, 0, 0);
CreateObject(3877, 2237, 603.20001220703, 11.5, 0, 0, 0);
CreateObject(3526, 2297.6000976563, 633.20001220703, 9.6999998092651, 0, 0, 0);
CreateObject(3526, 2299, 633.20001220703, 9.6999998092651, 0, 0, 0);
CreateObject(3526, 2300.5, 633.20001220703, 9.6999998092651, 0, 0, 0);
CreateObject(3526, 2287.3999023438, 643.5, 9.6999998092651, 0, 0, 268);
CreateObject(3526, 2287.3999023438, 645.09997558594, 9.6999998092651, 0, 0, 267.99499511719);
CreateObject(3526, 2287.3999023438, 646.59997558594, 9.6999998092651, 0, 0, 267.99499511719);
CreateObject(3934, 2387.3999023438, 584.70001220703, 11.800000190735, 0, 0, 0);
CreateObject(5153, 2351.1999511719, 423.5, 0, 0, 339.99996948242, 91.999938964844);
CreateObject(9361, 2290.6999511719, 533.79998779297, 3.4000000953674, 0, 0, 44);
CreateObject(9362, 2290.3000488281, 532.5, 1.7999999523163, 0, 0, 267.99987792969);
CreateObject(16021, 2332.3000488281, 593.29998779297, 6.5999999046326, 0, 0, 270);
CreateObject(18090, 2243.5, 588.70001220703, 9.3000001907349, 0, 0, 182);
CreateObject(2773, 2243, 593.29998779297, 7.3000001907349, 0, 0, 269.99996948242);
CreateObject(987, 2237.3000488281, 566.70001220703, 9, 0, 0, 267.98852539063);
CreateObject(987, 2237.6999511719, 558.20001220703, 8.1000003814697, 0, 0, 267.98400878906);
CreateObject(1432, 2248, 586.099609375, 6.8000001907349, 0, 0, 0);
CreateObject(1432, 2248, 589.20001220703, 6.8000001907349, 0, 0, 0);
CreateObject(1432, 2248, 592.29998779297, 6.8000001907349, 0, 0, 0);
CreateObject(1481, 2245.5, 594.2998046875, 7.5, 0, 0, 36.250030517578);
CreateObject(1481, 2246.3000488281, 594.90002441406, 7.5, 0, 0, 36.249389648438);
CreateObject(2964, 2250.5, 597.40002441406, 6.8000001907349, 0, 0, 0);
CreateObject(2965, 2250.802734375, 597.2978515625, 7.5675864219666, 0, 0, 0);
CreateObject(2995, 2250.1999511719, 597.09997558594, 7.6999998092651, 0, 0, 0);
CreateObject(2996, 2250.8999023438, 597.29998779297, 7.6999998092651, 0, 0, 0);
CreateObject(2997, 2249.8000488281, 597.90002441406, 7.6999998092651, 0, 0, 0);
CreateObject(2998, 2251.1999511719, 597.79998779297, 7.6999998092651, 0, 0, 0);
CreateObject(2999, 2251.3000488281, 597, 7.6999998092651, 0, 0, 0);
CreateObject(3000, 2249.6000976563, 597, 7.6999998092651, 0, 0, 0);
CreateObject(3001, 2250.5, 597.79998779297, 7.6999998092651, 0, 0, 0);
CreateObject(3002, 2250.8999023438, 597.70001220703, 7.6999998092651, 0, 0, 0);
CreateObject(3003, 2251.3000488281, 597.40002441406, 7.6999998092651, 0, 0, 0);
CreateObject(3004, 2249.8999023438, 597, 7.6999998092651, 0, 0, 0);
CreateObject(3004, 2250.1000976563, 597, 7.6999998092651, 0, 0, 0);
CreateObject(18102, 2246.8999023438, 593.5, 18.89999961853, 0, 0, 94);
CreateObject(18102, 2244.6000976563, 582, 18.89999961853, 0, 0, 92);
CreateObject(2804, 2245.6999511719, 594.20001220703, 7.9000000953674, 0, 0, 0);
CreateObject(2804, 2246.3999023438, 594.70001220703, 7.9000000953674, 0, 0, 0);
CreateObject(1512, 2242.6999511719, 584.20001220703, 8, 0, 0, 0);
CreateObject(1509, 2243.8999023438, 585.20001220703, 7.5, 0, 0, 0);
CreateObject(1509, 2243.6000976563, 584.79998779297, 8, 0, 0, 0);
CreateObject(1520, 2244.8999023438, 587.5, 7.8000001907349, 0, 0, 0);
CreateObject(1541, 2242.1999511719, 588.40002441406, 8.1999998092651, 0, 0, 84);
CreateObject(1544, 2244.6999511719, 589.90002441406, 7.8000001907349, 0, 0, 0);
CreateObject(1546, 2244.8000488281, 585.79998779297, 7.9000000953674, 0, 0, 0);
CreateObject(1551, 2245, 586.5, 8, 0, 0, 0);
CreateObject(1664, 2244.6999511719, 591.90002441406, 8, 0, 0, 0);
CreateObject(1667, 2248.1000976563, 586.70001220703, 7.5, 0, 0, 0);
CreateObject(1667, 2247.6999511719, 585.70001220703, 7.5, 0, 0, 0);
CreateObject(1667, 2248.5, 585.79998779297, 7.5, 0, 0, 0);
CreateObject(1668, 2248.1000976563, 589.20001220703, 7.5999999046326, 0, 0, 0);
CreateObject(1669, 2248, 592.29998779297, 7.5999999046326, 0, 0, 0);
CreateObject(14391, 2240.3000488281, 577.09997558594, 10.800000190735, 0, 0, 0);
CreateObject(2229, 2241.3999023438, 574.09997558594, 9.8000001907349, 0, 0, 90);
CreateObject(2229, 2241.3000488281, 581, 9.8000001907349, 0, 0, 90);
CreateObject(2229, 2242, 573.59997558594, 6.9000000953674, 0, 0, 90);
CreateObject(2229, 2242, 581.20001220703, 6.9000000953674, 0, 0, 90);
CreateObject(2226, 2241.8000488281, 575, 9.8000001907349, 0, 0, 86);
CreateObject(2226, 2241.8999023438, 575.79998779297, 9.8000001907349, 0, 0, 85.995483398438);
CreateObject(2226, 2242, 576.59997558594, 9.8000001907349, 0, 0, 85.995483398438);
CreateObject(2226, 2242, 577.40002441406, 9.8000001907349, 0, 0, 85.995483398438);
CreateObject(2226, 2242, 578.20001220703, 9.8000001907349, 0, 0, 85.995483398438);
CreateObject(2226, 2242, 579, 9.8000001907349, 0, 0, 85.995483398438);
CreateObject(2226, 2241.8999023438, 579.79998779297, 9.8000001907349, 0, 0, 85.995483398438);
CreateObject(2226, 2241.8000488281, 574.20001220703, 9.8000001907349, 0, 0, 85.995483398438);
CreateObject(2232, 2242, 573.79998779297, 7.4000000953674, 0, 0, 90);
CreateObject(2232, 2242, 573.79998779297, 8.6000003814697, 0, 0, 90);
CreateObject(2232, 2242, 580.40002441406, 7.4000000953674, 0, 0, 90);
CreateObject(2232, 2242, 580.40002441406, 8.6000003814697, 0, 0, 90);
CreateObject(2232, 2242, 574.70001220703, 7.4000000953674, 0, 270, 89.9990234375);
CreateObject(2229, 2242, 574.70001220703, 7.8000001907349, 0, 0, 90);
CreateObject(2229, 2242, 580.09997558594, 7.8000001907349, 0, 0, 90);
CreateObject(2231, 2242, 575.09997558594, 7.8000001907349, 0, 0, 90);
CreateObject(2231, 2242, 575.59997558594, 7.8000001907349, 0, 0, 90);
CreateObject(2231, 2242, 576.09997558594, 7.8000001907349, 0, 0, 90);
CreateObject(2231, 2242, 576.59997558594, 7.8000001907349, 0, 0, 90);
CreateObject(2231, 2242, 577.09997558594, 7.8000001907349, 0, 0, 90);
CreateObject(2231, 2242, 577.59997558594, 7.8000001907349, 0, 0, 90);
CreateObject(2231, 2242, 578.09997558594, 7.8000001907349, 0, 0, 90);
CreateObject(2231, 2242, 578.59997558594, 7.8000001907349, 0, 0, 90);
CreateObject(2231, 2242, 579.09997558594, 7.8000001907349, 0, 0, 90);
CreateObject(2231, 2242, 579.59997558594, 7.8000001907349, 0, 0, 90);
CreateObject(2632, 2243.3999023438, 575, 6.8000001907349, 0, 0, 90.5);
CreateObject(2632, 2243.3999023438, 578.90002441406, 6.8000001907349, 0, 0, 90.499877929688);
CreateObject(2632, 2245.3000488281, 575, 6.8000001907349, 0, 0, 90.499877929688);
CreateObject(2632, 2245.3000488281, 578.90002441406, 6.8000001907349, 0, 0, 90.499877929688);
CreateObject(2232, 2242, 575.90002441406, 7.4000000953674, 0, 270, 89.994506835938);
CreateObject(2232, 2242, 577.09997558594, 7.4000000953674, 0, 270, 89.994506835938);
CreateObject(2232, 2242, 578.29998779297, 7.4000000953674, 0, 270, 89.994506835938);
CreateObject(2232, 2242, 579.5, 7.4000000953674, 0, 270, 89.994506835938);
CreateObject(2632, 2247.1999511719, 575, 6.8000001907349, 0, 0, 90.499877929688);
CreateObject(2632, 2247.1999511719, 578.90002441406, 6.8000001907349, 0, 0, 90.499877929688);
CreateObject(2632, 2242.8999023438, 575.09997558594, 6.9000000953674, 0, 0, 90.499877929688);
CreateObject(2632, 2242.8000488281, 578.90002441406, 6.9000000953674, 0, 0, 90.499877929688);
CreateObject(2632, 2249.1000976563, 575, 6.8000001907349, 0, 0, 90.499877929688);
CreateObject(2632, 2249.1000976563, 578.90002441406, 6.8000001907349, 0, 0, 90.499877929688);
CreateObject(4641, 2392.5, 547.90002441406, 8.5, 0, 0, 0);
CreateObject(4641, 2241.1000976563, 548.29998779297, 8.5, 0, 0, 0);
CreateObject(17950, 2376.3999023438, 540.79998779297, 2, 0, 0, 180);
CreateObject(1423, 2432.6000976563, 606.79998779297, 10.300000190735, 0, 0, 0);
CreateObject(1423, 2431.6000976563, 605.59997558594, 10.300000190735, 0, 0, 90);
CreateObject(1423, 2431.6000976563, 603.5, 10.199999809265, 0, 0, 90);
CreateObject(1423, 2432.6999511719, 602.40002441406, 10.10000038147, 0, 0, 0);
CreateObject(1423, 2435.3994140625, 603.8994140625, 10.199999809265, 0, 0, 90);
CreateObject(1423, 2435.3000488281, 605.90002441406, 10.300000190735, 0, 0, 90);
CreateObject(1423, 2436.3994140625, 606.7998046875, 10.300000190735, 0, 0, 0);
CreateObject(1423, 2437.5, 605.69921875, 10.199999809265, 0, 0, 90);
CreateObject(1423, 2437.5, 603.7998046875, 10.10000038147, 0, 0, 90);
CreateObject(1423, 2436.5, 602.69921875, 10.10000038147, 0, 0, 0);
CreateObject(1423, 2439.1000976563, 603.70001220703, 10.10000038147, 0, 0, 90);
CreateObject(1423, 2439.099609375, 605.7998046875, 10.199999809265, 0, 0, 90);
CreateObject(1423, 2440.1999511719, 606.79998779297, 10.10000038147, 0, 0, 0);
CreateObject(1423, 2440.19921875, 604.69921875, 10, 0, 0, 0);
CreateObject(1423, 2441.3999023438, 605.79998779297, 10, 0, 0, 90);
CreateObject(1423, 2443.3000488281, 603.5, 9.8999996185303, 0, 0, 82);
CreateObject(1423, 2444.3000488281, 605.29998779297, 9.8999996185303, 0, 0, 44);
CreateObject(1423, 2443, 605.70001220703, 10, 0, 0, 113.99996948242);
CreateObject(1423, 2446.3000488281, 602.20001220703, 9.6999998092651, 0, 0, 0);
CreateObject(1423, 2449.1999511719, 603.20001220703, 9.6999998092651, 0, 0, 90);
CreateObject(1423, 2449.1999511719, 605.29998779297, 9.8000001907349, 0, 0, 90);
CreateObject(1423, 2450.1999511719, 605.70001220703, 9.8000001907349, 0, 0, 326);
CreateObject(1423, 2450.19921875, 604.599609375, 9.6999998092651, 0, 0, 17.99560546875);
CreateObject(1423, 2450.2998046875, 602.3994140625, 9.6000003814697, 0, 0, 17.99560546875);
CreateObject(1423, 2450.2998046875, 603.3994140625, 9.6000003814697, 0, 0, 325.99182128906);
CreateObject(1423, 2452.8999023438, 602.90002441406, 9.5, 0, 0, 90);
CreateObject(1423, 2452.8999023438, 605.20001220703, 9.6999998092651, 0, 0, 90);
CreateObject(1423, 2453.8999023438, 606.09997558594, 9.6999998092651, 0, 0, 0);
CreateObject(1423, 2455, 605.09997558594, 9.6000003814697, 0, 0, 90);
CreateObject(1423, 2455, 603, 9.5, 0, 0, 90);
CreateObject(1423, 2454, 601.79998779297, 9.3999996185303, 0, 0, 0);
CreateObject(1423, 2462.1999511719, 601.59997558594, 9.6999998092651, 0, 0, 7.998046875);
CreateObject(1423, 2463.5, 602.09997558594, 9.8000001907349, 0, 0, 35.9912109375);
CreateObject(1423, 2463.3999023438, 603.20001220703, 9.8000001907349, 0, 0, 325.99182128906);
CreateObject(1423, 2462, 604.20001220703, 9.8000001907349, 0, 0, 325.99182128906);
CreateObject(1423, 2462, 605.29998779297, 9.8000001907349, 0, 0, 27.9931640625);
CreateObject(1423, 2463.1000976563, 605.70001220703, 10, 0, 0, 17.99560546875);
CreateObject(1423, 2457.8000488281, 601.70001220703, 9.3999996185303, 0, 0, 7.998046875);
CreateObject(1423, 2459.1000976563, 602.09997558594, 9.5, 0, 0, 35.9912109375);
CreateObject(1423, 2459.1000976563, 603.20001220703, 9.6000003814697, 0, 0, 325.99182128906);
CreateObject(1423, 2457.6999511719, 604.09997558594, 9.5, 0, 0, 325.99182128906);
CreateObject(1423, 2457.8000488281, 605.09997558594, 9.6000003814697, 0, 0, 27.9931640625);
CreateObject(1423, 2459.1000976563, 605.70001220703, 9.6999998092651, 0, 0, 17.99560546875);
CreateObject(14787, 2329.3000488281, 555.5, 6.9000000953674, 0, 0, 90);
CreateObject(14791, 2321.5, 556.79998779297, 8.8000001907349, 0, 0, 0);
CreateObject(2627, 2343.5, 547.40002441406, 6.8000001907349, 0, 0, 0);
CreateObject(2628, 2339.8000488281, 547.5, 6.8000001907349, 0, 0, 180);
CreateObject(2629, 2347.1999511719, 547.09997558594, 6.8000001907349, 0, 0, 179.99993896484);
CreateObject(2630, 2335.3000488281, 547.59997558594, 6.8000001907349, 0, 0, 179.99993896484);
CreateObject(2631, 2351.3000488281, 547.20001220703, 6.8000001907349, 0, 0, 0);
CreateObject(2632, 2351.3000488281, 550.09997558594, 6.8000001907349, 0, 0, 0);
CreateObject(2915, 2352.8000488281, 549.90002441406, 7, 0, 0, 270);
CreateObject(2913, 2347.6000976563, 546.59997558594, 7.8000001907349, 0, 91.999969482422, 182.0001373291);
CreateObject(2916, 2352.8000488281, 547.79998779297, 7, 0, 0, 270);
CreateObject(2916, 2352.8000488281, 546.79998779297, 7, 0, 0, 270);
CreateObject(2779, 2258, 598.29998779297, 6.8000001907349, 0, 0, 0);
CreateObject(2681, 2258.8000488281, 598.29998779297, 6.8000001907349, 0, 0, 0);
CreateObject(2778, 2259.6000976563, 598.29998779297, 6.8000001907349, 0, 0, 0);
CreateObject(2985, 2300, 522.59997558594, 0.80000001192093, 0, 0, 270);
CreateObject(2985, 2288, 522.5, 0.80000001192093, 0, 0, 269.99450683594);
CreateObject(2985, 2348.5, 522.5, 0.80000001192093, 0, 0, 269.99450683594);
CreateObject(2985, 2371.1999511719, 522.59997558594, 0.80000001192093, 0, 0, 269.99450683594);
CreateObject(3115, 2276.8000488281, 555.90002441406, 7.6999998092651, 0, 0, 0);
CreateObject(2977, 2356.3000488281, 599.40002441406, 9.8000001907349, 0, 0, 0);
CreateObject(2977, 2357.3999023438, 599.40002441406, 9.8000001907349, 0, 0, 0);
CreateObject(2977, 2358.5, 599.40002441406, 9.8000001907349, 0, 0, 0);
CreateObject(2977, 2359.6000976563, 599.40002441406, 9.8000001907349, 0, 0, 0);
CreateObject(2977, 2360.6999511719, 599.40002441406, 9.8000001907349, 0, 0, 0);
CreateObject(2921, 2294.8999023438, 607, 16, 0, 0, 0);
CreateObject(2886, 2294.1999511719, 606.59997558594, 12.699999809265, 0, 0, 176);
CreateObject(3279, 2229.5, 573.09997558594, 9.8000001907349, 0, 0, 0);
CreateObject(2985, 2229.3999023438, 572.90002441406, 25.89999961853, 0, 0, 272);
CreateObject(3795, 2306.8000488281, 597.70001220703, 7.0999999046326, 0, 0, 0);
CreateObject(3795, 2303.6000976563, 597.70001220703, 7.0999999046326, 0, 0, 0);
CreateObject(3794, 2306.6000976563, 596.5, 7.4000000953674, 0, 0, 0);
CreateObject(3794, 2303.5, 596.5, 7.4000000953674, 0, 0, 0);
CreateObject(3788, 2309.8000488281, 596.5, 7.3000001907349, 0, 0, 0);
CreateObject(3789, 2309.8999023438, 597.70001220703, 7.0999999046326, 0, 0, 0);
CreateObject(16644, 2293.3000488281, 596.09997558594, 6.9000000953674, 0, 22, 270);
CreateObject(16644, 2290.8000488281, 596.09997558594, 6.9000000953674, 0, 21.99462890625, 270);
CreateObject(16644, 2288.3000488281, 596.09997558594, 6.9000000953674, 0, 21.99462890625, 270);
CreateObject(16644, 2285.8000488281, 596.09997558594, 6.9000000953674, 0, 21.99462890625, 270);
CreateObject(16644, 2283.1999511719, 596.09997558594, 6.9000000953674, 0, 21.99462890625, 270);
CreateObject(16644, 2280.6999511719, 596.09997558594, 6.9000000953674, 0, 21.99462890625, 270);
CreateObject(16644, 2279, 596.09997558594, 6.9000000953674, 0, 21.99462890625, 270);
CreateObject(16644, 2295.8999023438, 596.09997558594, 6.9000000953674, 0, 21.99462890625, 270);
CreateObject(16644, 2296.6999511719, 596.09997558594, 6.9000000953674, 0, 21.99462890625, 270);
CreateObject(3934, 2276.5, 556.20001220703, 8, 0, 0, 269.99996948242);
CreateObject(4199, 3199.3999023438, -648.70001220703, 0, 0, 0, 358);
CreateObject(4199, 3187.8999023438, -648.29998779297, 0, 0, 0, 357.99499511719);
CreateObject(4199, 3176.3999023438, -647.90002441406, 0, 0, 0, 357.99499511719);
CreateObject(4199, 3164.8999023438, -647.5, 0, 0, 0, 357.99499511719);
CreateObject(4199, 3153.5, -647.09997558594, 0, 0, 0, 357.99499511719);
CreateObject(4199, 3142.099609375, -646.69921875, 0, 0, 0, 357.98950195313);
CreateObject(4199, 3210.8999023438, -649.09997558594, 0, 0, 0, 357.99499511719);
CreateObject(4199, 3222.3999023438, -649.5, 0, 0, 0, 357.99499511719);
CreateObject(4199, 3233.8999023438, -649.90002441406, 0, 0, 0, 357.99499511719);
CreateObject(4199, 3245.3994140625, -650.2998046875, 0, 0, 0, 357.98950195313);
CreateObject(4199, 3256.8999023438, -650.70001220703, 0, 0, 0, 357.99499511719);
CreateObject(4199, 3268.3999023438, -651.09997558594, 0, 0, 0, 357.99499511719);
CreateObject(4199, 3280.1000976563, -651.5, 0, 0, 0, 357.99499511719);
CreateObject(4199, 3291.3999023438, -651.90002441406, 0, 0, 0, 357.99499511719);
CreateObject(4199, 3302.8999023438, -652.29998779297, 0, 0, 0, 357.99499511719);
CreateObject(4199, 3314.3999023438, -652.79998779297, 0, 0, 0, 357.99499511719);
CreateObject(4199, 3313.3000488281, -684.29998779297, 0, 0, 0, 357.99499511719);
CreateObject(4199, 3312.1999511719, -715.79998779297, 0, 0, 0, 357.99499511719);
CreateObject(4199, 3311.099609375, -747.099609375, 0, 0, 0, 357.98950195313);
CreateObject(4199, 3310, -778.59997558594, 0, 0, 0, 357.99499511719);
CreateObject(4199, 3309.1999511719, -801, 0, 0, 0, 357.98950195313);
CreateObject(4199, 3301.6999511719, -683.90002441406, 0, 0, 0, 357.99499511719);
CreateObject(4199, 3290.5, -683.40002441406, 0, 0, 0, 357.99499511719);
CreateObject(4199, 3300.6999511719, -715.09997558594, 0, 0, 0, 357.99499511719);
CreateObject(4199, 3289.3000488281, -714.40002441406, 0, 0, 0, 357.99499511719);
CreateObject(4199, 3299.6999511719, -746.70001220703, 0, 0, 0, 357.99499511719);
CreateObject(4199, 3298.6000976563, -778, 0, 0, 0, 357.99499511719);
CreateObject(4199, 3288.3000488281, -746, 0, 0, 0, 357.99499511719);
CreateObject(4199, 3278.8999023438, -682.79998779297, 0, 0, 0, 357.99499511719);
CreateObject(4199, 3277.8000488281, -714, 0, 0, 0, 357.99499511719);
CreateObject(4199, 3267.3999023438, -682.29998779297, 0, 0, 0, 357.99499511719);
CreateObject(4199, 3297.3999023438, -809.59997558594, 0, 0, 0, 357.99499511719);
CreateObject(4199, 3287.19921875, -777.5, 0, 0, 0, 357.98950195313);
CreateObject(4199, 3276.8000488281, -745.59997558594, 0, 0, 0, 357.99499511719);
CreateObject(4199, 3266.3000488281, -713.59997558594, 0, 0, 0, 357.99499511719);
CreateObject(4199, 3255.8000488281, -682.29998779297, 0, 0, 0, 357.99499511719);
CreateObject(4199, 3244.3000488281, -681.79998779297, 0, 0, 0, 357.99499511719);
CreateObject(4199, 3254.8000488281, -713.20001220703, 0, 0, 0, 357.99499511719);
CreateObject(4199, 3265.1999511719, -745.20001220703, 0, 0, 0, 357.99499511719);
CreateObject(4199, 3275.8994140625, -777.099609375, 0, 0, 0, 357.98950195313);
CreateObject(4199, 3286.099609375, -809.099609375, 0, 0, 0, 357.98950195313);
CreateObject(4199, 3243.1999511719, -712.79998779297, 0, 0, 0, 357.99499511719);
CreateObject(4199, 3253.6999511719, -744.79998779297, 0, 0, 0, 357.99499511719);
CreateObject(4199, 3264.3000488281, -776.70001220703, 0, 0, 0, 357.99499511719);
CreateObject(4199, 3274.6999511719, -808.70001220703, 0, 0, 0, 357.99499511719);
CreateObject(4199, 3263.1999511719, -808.20001220703, 0, 0, 0, 357.99499511719);
CreateObject(4199, 3252.8000488281, -776.20001220703, 0, 0, 0, 357.99499511719);
CreateObject(4199, 3242.1999511719, -744.40002441406, 0, 0, 0, 357.99499511719);
CreateObject(4199, 3241.3000488281, -775.79998779297, 0, 0, 0, 357.99499511719);
CreateObject(4199, 3251.69921875, -807.7998046875, 0, 0, 0, 357.98950195313);
CreateObject(4199, 3232.8000488281, -680.79998779297, 0, 0, 0, 357.99499511719);
CreateObject(4199, 3221.3000488281, -680.5, 0, 0, 0, 357.99499511719);
CreateObject(4199, 3231.6999511719, -712.29998779297, 0, 0, 0, 357.99499511719);
CreateObject(4199, 3230.6000976563, -743.90002441406, 0, 0, 0, 357.99499511719);
CreateObject(4199, 3220.1999511719, -711.90002441406, 0, 0, 0, 357.99499511719);
CreateObject(4199, 3209.8000488281, -680.70001220703, 0, 0, 0, 357.99499511719);
CreateObject(4199, 3198.3999023438, -680.29998779297, 0, 0, 0, 357.99499511719);
CreateObject(4199, 3208.6999511719, -711.59997558594, 0, 0, 0, 357.99499511719);
CreateObject(4199, 3219.1000976563, -743.40002441406, 0, 0, 0, 357.99499511719);
CreateObject(4199, 3229.8000488281, -775.5, 0, 0, 0, 357.99499511719);
CreateObject(4199, 3240.1999511719, -807.40002441406, 0, 0, 0, 357.99499511719);
CreateObject(4199, 3228.8000488281, -807, 0, 0, 0, 357.99499511719);
CreateObject(4199, 3218.3000488281, -775, 0, 0, 0, 357.99499511719);
CreateObject(4199, 3207.6000976563, -743.20001220703, 0, 0, 0, 357.99499511719);
CreateObject(4199, 3197.3000488281, -711.59997558594, 0, 0, 0, 357.99499511719);
CreateObject(4199, 3186.8999023438, -680, 0, 0, 0, 357.99499511719);
CreateObject(4199, 3175.3994140625, -679.5, 0, 0, 0, 357.98950195313);
CreateObject(4199, 3185.7998046875, -711.19921875, 0, 0, 0, 357.98950195313);
CreateObject(4199, 3196.1999511719, -742.79998779297, 0, 0, 0, 357.99499511719);
CreateObject(4199, 3206.7998046875, -774.599609375, 0, 0, 0, 357.98950195313);
CreateObject(4199, 3217.3999023438, -806.59997558594, 0, 0, 0, 357.99499511719);
CreateObject(4199, 3163.8999023438, -679, 0, 0, 0, 357.98950195313);
CreateObject(4199, 3174.3999023438, -710.79998779297, 0, 0, 0, 357.98950195313);
CreateObject(4199, 3184.6000976563, -742.40002441406, 0, 0, 0, 357.98950195313);
CreateObject(4199, 3195.1999511719, -774.20001220703, 0, 0, 0, 357.98950195313);
CreateObject(4199, 3205.8000488281, -805.90002441406, 0, 0, 0, 357.98950195313);
CreateObject(4199, 3194.3000488281, -805.70001220703, 0, 0, 0, 357.98950195313);
CreateObject(4199, 3183.6000976563, -773.79998779297, 0, 0, 0, 357.98950195313);
CreateObject(4199, 3173.1999511719, -742.40002441406, 0, 0, 0, 357.98950195313);
CreateObject(4199, 3162.8000488281, -710.59997558594, 0, 0, 0, 357.98950195313);
CreateObject(4199, 3152.3999023438, -678.59997558594, 0, 0, 0, 357.98950195313);
CreateObject(4199, 3141, -678.09997558594, 0, 0, 0, 357.98950195313);
CreateObject(4199, 3151.3000488281, -710.20001220703, 0, 0, 0, 357.98950195313);
CreateObject(4199, 3161.6000976563, -741.90002441406, 0, 0, 0, 357.98950195313);
CreateObject(4199, 3172.1999511719, -773.29998779297, 0, 0, 0, 357.98950195313);
CreateObject(4199, 3182.6999511719, -805.29998779297, 0, 0, 0, 357.98950195313);
CreateObject(4199, 3171.1000976563, -804.79998779297, 0, 0, 0, 357.98950195313);
CreateObject(4199, 3160.6000976563, -773.29998779297, 0, 0, 0, 357.98950195313);
CreateObject(4199, 3150.1000976563, -741.79998779297, 0, 0, 0, 357.98950195313);
CreateObject(4199, 3139.8000488281, -709.70001220703, 0, 0, 0, 357.98950195313);
CreateObject(4199, 3138.6999511719, -741.20001220703, 0, 0, 0, 357.98950195313);
CreateObject(4199, 3149, -772.90002441406, 0, 0, 0, 357.98950195313);
CreateObject(4199, 3159.6000976563, -804.5, 0, 0, 0, 357.98950195313);
CreateObject(4199, 3137.5, -772.40002441406, 0, 0, 0, 357.98950195313);
CreateObject(4199, 3148, -804, 0, 0, 0, 357.98950195313);
CreateObject(4199, 3136.6000976563, -803.59997558594, 0, 0, 0, 357.98950195313);
CreateObject(10828, 3154.5, -632.20001220703, 14.39999961853, 0, 0, 358);
CreateObject(10828, 3188.8999023438, -633.40002441406, 14.39999961853, 0, 0, 357.99499511719);
CreateObject(10828, 3224, -634.59997558594, 14.39999961853, 0, 0, 357.99499511719);
CreateObject(10828, 3259, -635.79998779297, 14.39999961853, 0, 0, 357.99499511719);
CreateObject(10828, 3282.1999511719, -636.59997558594, 14.39999961853, 0, 0, 357.99499511719);
CreateObject(10828, 3302.8000488281, -637.40002441406, 14.39999961853, 0, 0, 357.99499511719);
CreateObject(16109, 3361.19921875, -801.5, 0, 0, 0, 283.99658203125);
CreateObject(3095, 3280.6999511719, -829, 1.1000000238419, 6, 0, 0);
CreateObject(3095, 3287.1000976563, -829.20001220703, 1, 6, 0, 359.99499511719);
CreateObject(620, 3475.1000976563, -809.70001220703, 24.5, 0, 0, 0);
CreateObject(620, 3475.3999023438, -810.59997558594, 24.5, 0, 0, 0);
CreateObject(620, 3475.6999511719, -811.90002441406, 24.5, 0, 0, 0);
CreateObject(620, 3476, -813.20001220703, 24.5, 0, 0, 0);
CreateObject(620, 3476.1999511719, -813.79998779297, 24.5, 0, 0, 60);
CreateObject(620, 3476.5, -815.29998779297, 24.5, 0, 0, 59.996337890625);
CreateObject(620, 3477.1999511719, -817.90002441406, 24.5, 0, 0, 59.996337890625);
CreateObject(620, 3476.8000488281, -816.70001220703, 24.5, 0, 0, 59.996337890625);
CreateObject(620, 3477.3999023438, -819.29998779297, 24.5, 0, 0, 59.996337890625);
CreateObject(620, 3477.6999511719, -820.5, 24.5, 0, 0, 59.996337890625);
CreateObject(620, 3478.1000976563, -821.59997558594, 24.5, 0, 0, 59.996337890625);
CreateObject(620, 3382.8999023438, -853, 21.60000038147, 0, 0, 0);
CreateObject(620, 3381.3000488281, -853, 21.5, 0, 0, 0);
CreateObject(620, 3379.5, -853.20001220703, 21.60000038147, 0, 0, 0);
CreateObject(620, 3377.8000488281, -853, 21.60000038147, 0, 0, 0);
CreateObject(620, 3374.3999023438, -852.79998779297, 21.60000038147, 0, 0, 0);
CreateObject(620, 3376.1000976563, -853, 21.60000038147, 0, 0, 0);
CreateObject(620, 3373, -852.29998779297, 21.60000038147, 0, 0, 0);
CreateObject(620, 3371.5, -851.90002441406, 21.60000038147, 0, 0, 0);
CreateObject(620, 3370.1000976563, -851.20001220703, 21.60000038147, 0, 0, 0);
CreateObject(620, 3368.8000488281, -850.5, 21.60000038147, 0, 0, 0);
CreateObject(620, 3367.6000976563, -849.59997558594, 21.60000038147, 0, 0, 0);
CreateObject(620, 3366.6000976563, -848.70001220703, 21.60000038147, 0, 0, 0);
CreateObject(620, 3365.6000976563, -847.70001220703, 21.60000038147, 0, 0, 0);
CreateObject(620, 3364.6000976563, -846.70001220703, 21.60000038147, 0, 0, 0);
CreateObject(620, 3363.5, -845.70001220703, 21.60000038147, 0, 0, 0);
CreateObject(620, 3362.6000976563, -844.40002441406, 21.60000038147, 0, 0, 0);
CreateObject(620, 3361.8999023438, -843.09997558594, 21.60000038147, 0, 0, 0);
CreateObject(620, 3361.3999023438, -841.79998779297, 21.5, 0, 0, 0);
CreateObject(620, 3360.8000488281, -840.29998779297, 21.5, 0, 0, 0);
CreateObject(620, 3360.1999511719, -838.70001220703, 21.5, 0, 0, 0);
CreateObject(620, 3359.6999511719, -837.09997558594, 21.5, 0, 0, 0);
CreateObject(620, 3359.3999023438, -835.59997558594, 21.5, 0, 0, 0);
CreateObject(620, 3359.1000976563, -833.70001220703, 21.5, 0, 0, 0);
CreateObject(620, 3359.5, -832, 21.39999961853, 0, 0, 0);
CreateObject(620, 3360.1000976563, -830.5, 21.299999237061, 0, 0, 0);
CreateObject(620, 3360.8000488281, -829.09997558594, 21.200000762939, 0, 0, 0);
CreateObject(620, 3361.3999023438, -827.70001220703, 21.200000762939, 0, 0, 0);
CreateObject(620, 3361.8999023438, -826.20001220703, 21.10000038147, 0, 0, 0);
CreateObject(620, 3362.6000976563, -825, 21, 0, 0, 0);
CreateObject(620, 3363.1000976563, -823.79998779297, 21, 0, 0, 0);
CreateObject(620, 3363.8999023438, -822.70001220703, 20.89999961853, 0, 0, 0);
CreateObject(620, 3364.6999511719, -821.70001220703, 20.799999237061, 0, 0, 0);
CreateObject(620, 3365.8000488281, -820.79998779297, 20.60000038147, 0, 0, 0);
CreateObject(620, 3366.6999511719, -819.90002441406, 20.5, 0, 0, 0);
CreateObject(620, 3367.5, -818.90002441406, 20.39999961853, 0, 0, 0);
CreateObject(620, 3368.5, -818, 20.299999237061, 0, 0, 0);
CreateObject(11504, 3294.8999023438, -866.29998779297, 3.4000000953674, 0, 0, 188);
CreateObject(11504, 3296.1000976563, -874.40002441406, 3.5, 0, 0, 187.998046875);
CreateObject(9321, 3282, -876.90002441406, 4.5999999046326, 0, 0, 96);
CreateObject(9321, 3281.5, -872.20001220703, 4.5, 0, 0, 95.99853515625);
CreateObject(9321, 3281.1000976563, -868.20001220703, 4.4000000953674, 0, 0, 95.99853515625);
CreateObject(9321, 3272.1000976563, -878, 4.3000001907349, 0, 0, 95.99853515625);
CreateObject(9321, 3271.6000976563, -873.5, 4.1999998092651, 0, 0, 95.99853515625);
CreateObject(9321, 3271.1999511719, -869.20001220703, 4.0999999046326, 0, 0, 95.99853515625);
CreateObject(620, 3421.8000488281, -788.40002441406, 14.199999809265, 0, 0, 0);
CreateObject(620, 3422.6999511719, -787.5, 14.10000038147, 0, 0, 0);
CreateObject(620, 3423.6000976563, -786.59997558594, 14, 0, 0, 0);
CreateObject(620, 3424.5, -785.59997558594, 13.800000190735, 0, 0, 0);
CreateObject(620, 3425.3000488281, -784.5, 13.800000190735, 0, 0, 0);
CreateObject(620, 3425.8000488281, -783.29998779297, 13.699999809265, 0, 0, 0);
CreateObject(620, 3426.5, -781.90002441406, 13.60000038147, 0, 0, 0);
CreateObject(620, 3427.1000976563, -780.40002441406, 13.60000038147, 0, 0, 0);
CreateObject(620, 3427.6000976563, -778.90002441406, 13.5, 0, 0, 0);
CreateObject(620, 3428.1000976563, -777.79998779297, 13.39999961853, 0, 0, 0);
CreateObject(620, 3428.6000976563, -776.70001220703, 13.39999961853, 0, 0, 0);
CreateObject(620, 3429.1000976563, -775.70001220703, 13.300000190735, 0, 0, 0);
CreateObject(620, 3429.5, -774.59997558594, 13.300000190735, 0, 0, 0);
CreateObject(620, 3429.3000488281, -773.09997558594, 13.199999809265, 0, 0, 0);
CreateObject(620, 3429, -771.59997558594, 13.10000038147, 0, 0, 0);
CreateObject(620, 3428.6000976563, -770.20001220703, 13.10000038147, 0, 0, 0);
CreateObject(620, 3428.3999023438, -768.70001220703, 13, 0, 0, 0);
CreateObject(620, 3428.1000976563, -767.40002441406, 12.89999961853, 0, 0, 0);
CreateObject(620, 3427.8000488281, -766, 12.800000190735, 0, 0, 0);
CreateObject(620, 3427.3000488281, -764.59997558594, 12.699999809265, 0, 0, 0);
CreateObject(620, 3426.8999023438, -763.20001220703, 12.60000038147, 0, 0, 0);
CreateObject(620, 3426.3000488281, -761.90002441406, 12.39999961853, 0, 0, 0);
CreateObject(620, 3425.6999511719, -760.59997558594, 12.300000190735, 0, 0, 0);
CreateObject(620, 3425, -759.29998779297, 12.199999809265, 0, 0, 0);
CreateObject(620, 3424.3000488281, -758, 12, 0, 0, 0);
CreateObject(620, 3423.5, -756.79998779297, 11.89999961853, 0, 0, 0);
CreateObject(620, 3422.6999511719, -755.70001220703, 11.800000190735, 0, 0, 0);
CreateObject(620, 3421.8000488281, -754.59997558594, 11.699999809265, 0, 0, 0);
CreateObject(620, 3420.8999023438, -753.59997558594, 11.5, 0, 0, 0);
CreateObject(620, 3420, -752.70001220703, 11.39999961853, 0, 0, 0);
CreateObject(620, 3418.6999511719, -751.59997558594, 11.300000190735, 0, 0, 0);
CreateObject(620, 3417.3999023438, -750.70001220703, 11.199999809265, 0, 0, 0);
CreateObject(620, 3415.8999023438, -749.59997558594, 11.10000038147, 0, 0, 0);
CreateObject(620, 3414.3000488281, -748.90002441406, 11, 0, 0, 0);
CreateObject(620, 3412.6999511719, -748.09997558594, 10.89999961853, 0, 0, 0);
CreateObject(620, 3411.1000976563, -747.40002441406, 10.800000190735, 0, 0, 0);
CreateObject(620, 3409.3000488281, -747.20001220703, 10.699999809265, 0, 0, 0);
CreateObject(620, 3407.8000488281, -747.09997558594, 10.699999809265, 0, 0, 0);
CreateObject(620, 3406.1999511719, -747, 10.699999809265, 0, 0, 0);
CreateObject(620, 3404.6000976563, -747, 10.699999809265, 0, 0, 0);
CreateObject(620, 3402.8999023438, -747, 10.60000038147, 0, 0, 0);
CreateObject(620, 3401.3999023438, -747.40002441406, 10.60000038147, 0, 0, 0);
CreateObject(620, 3399.8999023438, -748, 10.699999809265, 0, 0, 0);
CreateObject(620, 3398.6000976563, -748.59997558594, 10.699999809265, 0, 0, 0);
CreateObject(620, 3397.3000488281, -749.20001220703, 10.699999809265, 0, 0, 0);
CreateObject(620, 3396.1999511719, -750, 10.39999961853, 0, 0, 0);
CreateObject(620, 3394.8999023438, -750.59997558594, 10.39999961853, 0, 0, 0);
CreateObject(620, 3393.3999023438, -751.29998779297, 10.300000190735, 0, 0, 0);
CreateObject(620, 3392, -752.09997558594, 10.300000190735, 0, 0, 0);
CreateObject(620, 3391.1000976563, -752.90002441406, 10.199999809265, 0, 0, 0);
CreateObject(5243, 3428, -832, 28.39999961853, 2, 0, 288);
CreateObject(2773, 3472.8000488281, -817, 25.200000762939, 0, 0, 288);
CreateObject(2773, 3470.3000488281, -817.79998779297, 25.299999237061, 0, 0, 287.99560546875);
CreateObject(16088, 3361.1000976563, -787.09997558594, 7.6999998092651, 0, 0, 36);
CreateObject(16088, 3356.3000488281, -791.79998779297, 7.3000001907349, 0, 0, 35.996704101563);
CreateObject(16088, 3365.6999511719, -783.29998779297, 8.1000003814697, 0, 0, 37.996704101563);
CreateObject(16088, 3352.3999023438, -795.40002441406, 7, 0, 0, 35.996704101563);
CreateObject(16088, 3348.5, -799, 6.6999998092651, 0, 0, 35.996704101563);
CreateObject(620, 3303.6999511719, -847.5, 3.4000000953674, 0, 0, 0);
CreateObject(620, 3305.1999511719, -846.79998779297, 3.4000000953674, 0, 0, 0);
CreateObject(620, 3306.8000488281, -845.90002441406, 3.5, 0, 0, 0);
CreateObject(620, 3302.3000488281, -848.09997558594, 3.2999999523163, 0, 0, 0);
CreateObject(620, 3300.6999511719, -848.29998779297, 3.2000000476837, 0, 0, 0);
CreateObject(620, 3299.1999511719, -848.5, 3.2000000476837, 0, 0, 0);
CreateObject(620, 3297.5, -848.5, 3.0999999046326, 0, 0, 0);
CreateObject(620, 3295.8999023438, -848.90002441406, 3, 0, 0, 0);
CreateObject(620, 3294.1999511719, -849.09997558594, 2.9000000953674, 0, 0, 0);
CreateObject(620, 3285.3000488281, -846.59997558594, 2.4000000953674, 0, 0, 0);
CreateObject(620, 3284.3999023438, -845.79998779297, 2.2999999523163, 0, 0, 0);
CreateObject(620, 3283.6000976563, -844.90002441406, 2.2000000476837, 0, 0, 0);
CreateObject(620, 3282.6999511719, -843.90002441406, 2.0999999046326, 0, 0, 0);
CreateObject(620, 3281.8000488281, -843.09997558594, 2, 0, 0, 0);
CreateObject(620, 3280.8999023438, -842.20001220703, 1.8999999761581, 0, 0, 0);
CreateObject(620, 3280.1000976563, -841.20001220703, 1.8999999761581, 0, 0, 0);
CreateObject(620, 3279.3000488281, -840.20001220703, 1.7999999523163, 0, 0, 0);
CreateObject(620, 3279, -838.90002441406, 1.7000000476837, 0, 0, 0);
CreateObject(620, 3278.3999023438, -837.70001220703, 1.6000000238419, 0, 0, 0);
CreateObject(620, 3278, -836.40002441406, 1.6000000238419, 0, 0, 0);
CreateObject(620, 3277.6000976563, -835, 1.5, 0, 0, 0);
CreateObject(620, 3277.1999511719, -833.59997558594, 1.3999999761581, 0, 0, 0);
CreateObject(10828, 3319.1999511719, -654.29998779297, 14.39999961853, 0, 0, 267.99499511719);
CreateObject(10828, 3318.1000976563, -689.09997558594, 14.39999961853, 0, 0, 267.99499511719);
CreateObject(10828, 3316.8999023438, -724.09997558594, 14.39999961853, 0, 0, 267.99499511719);
CreateObject(10828, 3315.8000488281, -758.79998779297, 14.39999961853, 0, 0, 267.99499511719);
CreateObject(10828, 3315.1000976563, -778, 14.39999961853, 0, 0, 267.99499511719);
CreateObject(10828, 3137.3000488281, -647.90002441406, 14.39999961853, 0, 0, 267.99499511719);
CreateObject(10828, 3136.1000976563, -682.5, 14.39999961853, 0, 0, 267.99499511719);
CreateObject(10828, 3131.8999023438, -801.5, 14.39999961853, 0, 0, 267.99499511719);
CreateObject(10828, 3133.1000976563, -766.40002441406, 14.39999961853, 0, 0, 267.99499511719);
CreateObject(10828, 3135.3000488281, -701.09997558594, 14.39999961853, 0, 0, 267.99499511719);
CreateObject(3749, 3135.5, -725.099609375, 8, 0, 0, 87.989501953125);
CreateObject(10828, 3133.6999511719, -748.59997558594, 14.39999961853, 0, 0, 267.99499511719);
CreateObject(991, 3134.6999511719, -718.79998779297, 14.89999961853, 0, 90, 358);
CreateObject(991, 3134.3000488281, -730.90002441406, 14.300000190735, 0, 90, 357.99499511719);
CreateObject(8357, 3133.5, -724.20001220703, 2.0999999046326, 0, 0, 84);
CreateObject(8357, 3031, -713, 2.0999999046326, 0.5, 0, 83.995971679688);
CreateObject(10828, 3147.6000976563, -818.79998779297, 14.39999961853, 0, 0, 357.99499511719);
CreateObject(10828, 3182.6999511719, -820.09997558594, 14.39999961853, 0, 0, 357.99499511719);
CreateObject(10828, 3217.3000488281, -821.29998779297, 14.39999961853, 0, 0, 357.99499511719);
CreateObject(10828, 3235.3000488281, -821.90002441406, 14.39999961853, 0, 0, 357.99499511719);
CreateObject(10828, 3304, -808.70001220703, 14.39999961853, 0, 0, 231.99499511719);
CreateObject(10828, 3256.6999511719, -822.59997558594, 14.39999961853, 0, 0, 357.99499511719);
CreateObject(991, 3274.3999023438, -823.20001220703, 13.89999961853, 0, 90, 87.994995117188);
CreateObject(3749, 3284.3000488281, -822.79998779297, 8, 0, 0, 177.98950195313);
CreateObject(991, 3293.1999511719, -822.70001220703, 14.699999809265, 0, 90, 141.98950195313);
CreateObject(3279, 3311.1999511719, -812.40002441406, 2.0999999046326, 0, 0, 358);
CreateObject(2985, 3311.5, -812.59997558594, 18.200000762939, 0, 0, 270);
CreateObject(3374, 3301.1999511719, -818.70001220703, 3.5999999046326, 0, 0, 0);
CreateObject(3374, 3298.1000976563, -822.59997558594, 3.5999999046326, 0, 0, 0);
CreateObject(3374, 3299.3999023438, -820.70001220703, 6.5999999046326, 0, 0, 0);
CreateObject(975, 3289.6999511719, -823.09997558594, 15.39999961853, 0, 0, 358);
CreateObject(975, 3283.6000976563, -822.90002441406, 15.39999961853, 0, 0, 357.99499511719);
CreateObject(975, 3276.3000488281, -822.70001220703, 15.39999961853, 0, 0, 357.99499511719);
CreateObject(975, 3274.6999511719, -822.59997558594, 14.300000190735, 0, 0, 357.99499511719);
CreateObject(975, 3135.5, -722.099609375, 15.39999961853, 0, 0, 87.994995117188);
CreateObject(975, 3135.3000488281, -727.5, 15.39999961853, 0, 0, 87.994995117188);
CreateObject(4642, 3132.6000976563, -717.09997558594, 3.7999999523163, 0, 0, 88);
CreateObject(4642, 3132, -732.59997558594, 3.7999999523163, 0, 0, 87.994995117188);
CreateObject(1632, 3035.5, -719.29998779297, 3.4000000953674, 0, 0, 264);
CreateObject(1632, 3036.5, -712.90002441406, 3.4000000953674, 0, 0, 263.99645996094);
CreateObject(1632, 3037.3000488281, -706.5, 3.4000000953674, 0, 0, 263.99645996094);
CreateObject(1632, 3079.6999511719, -710.29998779297, 3.4000000953674, 0, 0, 83.995971679688);
CreateObject(1632, 3078.8999023438, -717.09997558594, 3.4000000953674, 0, 0, 83.995483398438);
CreateObject(1632, 3078.1000976563, -723.29998779297, 3.4000000953674, 0, 0, 83.990478515625);
CreateObject(1225, 3075.3000488281, -703.09997558594, 2.5, 0, 0, 0);
CreateObject(1225, 3075.6999511719, -701.40002441406, 2.5, 0, 0, 0);
CreateObject(1225, 3076, -700.20001220703, 2.5, 0, 0, 0);
CreateObject(1225, 3076.6000976563, -699, 2.5, 0, 0, 0);
CreateObject(1225, 3075.6000976563, -704.59997558594, 2.5, 0, 0, 0);
CreateObject(1225, 3076.3000488281, -705.90002441406, 2.5, 0, 0, 0);
CreateObject(1225, 3073.6999511719, -727.5, 2.5, 0, 0, 0);
CreateObject(1225, 3074.1999511719, -728.90002441406, 2.5, 0, 0, 0);
CreateObject(1225, 3074.6999511719, -730.29998779297, 2.5, 0, 0, 0);
CreateObject(1225, 3075.1000976563, -731.5, 2.5, 0, 0, 0);
CreateObject(1225, 3075.6999511719, -732.70001220703, 2.5, 0, 0, 0);
CreateObject(1225, 3076.3000488281, -733.90002441406, 2.5, 0, 0, 0);
CreateObject(1225, 3076.8000488281, -735, 2.5, 0, 0, 0);
CreateObject(1225, 3077.1000976563, -736.09997558594, 2.5, 0, 0, 0);
CreateObject(1225, 3077.1000976563, -737.40002441406, 2.5, 0, 0, 0);
CreateObject(1225, 3041.6000976563, -702.40002441406, 2.5, 0, 0, 0);
CreateObject(1225, 3041.3999023438, -701.09997558594, 2.5, 0, 0, 0);
CreateObject(1225, 3041.1000976563, -699.90002441406, 2.5, 0, 0, 0);
CreateObject(1225, 3040.8000488281, -698.59997558594, 2.5, 0, 0, 0);
CreateObject(1225, 3040.3999023438, -697.40002441406, 2.5, 0, 0, 0);
CreateObject(1225, 3040, -696.40002441406, 2.5, 0, 0, 0);
CreateObject(1225, 3039.5, -695.5, 2.5, 0, 0, 0);
CreateObject(1225, 3039, -694.5, 2.5, 0, 0, 0);
CreateObject(1225, 3038.1999511719, -724, 2.5, 0, 0, 0);
CreateObject(1225, 3037.5, -724.79998779297, 2.5, 0, 0, 0);
CreateObject(1225, 3037, -725.70001220703, 2.5, 0, 0, 0);
CreateObject(1225, 3036.5, -726.70001220703, 2.5, 0, 0, 0);
CreateObject(1225, 3036.1999511719, -728, 2.5, 0, 0, 0);
CreateObject(1225, 3036.1999511719, -729.40002441406, 2.5, 0, 0, 0);
CreateObject(1225, 3036.3999023438, -730.79998779297, 2.5, 0, 0, 0);
CreateObject(1225, 3036.8000488281, -732.20001220703, 2.5, 0, 0, 0);
CreateObject(1225, 3037.6000976563, -733.20001220703, 2.5, 0, 0, 0);
CreateObject(3569, 3047.3999023438, -730.40002441406, 4.6999998092651, 0, 0, 264);
CreateObject(3569, 3063.6999511719, -732.20001220703, 4.6999998092651, 0, 0, 83.995971679688);
CreateObject(3569, 3065.8999023438, -699.29998779297, 4.6999998092651, 0, 0, 83.990478515625);
CreateObject(3569, 3050.6000976563, -697.59997558594, 4.6999998092651, 0, 0, 263.99597167969);
CreateObject(3568, 3069.1000976563, -715.70001220703, 4.6999998092651, 0, 0, 354);
CreateObject(3568, 3046.5, -714.29998779297, 4.6999998092651, 0, 0, 173.99597167969);
CreateObject(1225, 3077.6000976563, -698.29998779297, 2.0999999046326, 0, 0, 0);
CreateObject(1676, 3054.8999023438, -706.59997558594, 3.7000000476837, 0, 0, 356);
CreateObject(1676, 3056.8999023438, -706.79998779297, 3.7000000476837, 0, 0, 355.99548339844);
CreateObject(1676, 3058.8000488281, -707, 3.7000000476837, 0, 0, 355.99548339844);
CreateObject(1676, 3060.6999511719, -707.09997558594, 3.7000000476837, 0, 0, 355.99548339844);
CreateObject(1676, 3062.1000976563, -707.79998779297, 3.7000000476837, 0, 0, 83.995483398438);
CreateObject(1676, 3061.8999023438, -709.59997558594, 3.7000000476837, 0, 0, 83.990478515625);
CreateObject(1676, 3061.3000488281, -711.29998779297, 3.7000000476837, 0, 0, 53.990478515625);
CreateObject(1676, 3060.1000976563, -712.70001220703, 3.7000000476837, 0, 0, 47.98681640625);
CreateObject(1676, 3058.5, -713.79998779297, 3.7000000476837, 0, 0, 27.982788085938);
CreateObject(1676, 3053.5, -707.09997558594, 3.7000000476837, 0, 0, 85.982177734375);
CreateObject(1676, 3053.3999023438, -708.90002441406, 3.7000000476837, 0, 0, 85.97900390625);
CreateObject(1676, 3053.5, -710.70001220703, 3.7000000476837, 0, 0, 105.97900390625);
CreateObject(1676, 3054.1999511719, -712.29998779297, 3.7000000476837, 0, 0, 113.97412109375);
CreateObject(1676, 3055.1999511719, -713.79998779297, 3.7000000476837, 0, 0, 137.97219848633);
CreateObject(1676, 3056.6999511719, -714.29998779297, 3.7000000476837, 0, 0, 3.982177734375);
CreateObject(1676, 3053.8000488281, -715.59997558594, 3.7000000476837, 0, 0, 354);
CreateObject(1676, 3055.5, -715.79998779297, 3.7000000476837, 0, 0, 353.99597167969);
CreateObject(1676, 3057.3000488281, -716, 3.7000000476837, 0, 0, 353.99597167969);
CreateObject(1676, 3059.1999511719, -716.20001220703, 3.7000000476837, 0, 0, 353.99597167969);
CreateObject(1676, 3061, -716.40002441406, 3.7000000476837, 0, 0, 353.99597167969);
CreateObject(1676, 3058.3000488281, -717.09997558594, 3.7000000476837, 0, 0, 295.99597167969);
CreateObject(1676, 3059, -718.59997558594, 3.7000000476837, 0, 0, 295.99365234375);
CreateObject(1676, 3059.8000488281, -720.09997558594, 3.7000000476837, 0, 0, 295.99365234375);
CreateObject(1676, 3060.6000976563, -721.59997558594, 3.7000000476837, 0, 0, 303.99365234375);
CreateObject(1676, 3056.8999023438, -717.09997558594, 3.7000000476837, 0, 0, 225.99365234375);
CreateObject(1676, 3052.3999023438, -715.29998779297, 3.7000000476837, 0, 0, 353.99597167969);
CreateObject(1676, 3055.6999511719, -718.20001220703, 3.7000000476837, 0, 0, 209.98876953125);
CreateObject(1676, 3054.1999511719, -719.09997558594, 3.7000000476837, 0, 0, 209.98718261719);
CreateObject(1676, 3052.8000488281, -719.90002441406, 3.7000000476837, 0, 0, 209.98718261719);
CreateObject(1676, 3051.8000488281, -720.29998779297, 3.7000000476837, 0, 0, 185.98718261719);
CreateObject(2934, 2936.6000976563, -719.70001220703, 4.6999998092651, 0, 0, 354);
CreateObject(2934, 2938.6999511719, -719.79998779297, 4.3000001907349, 0, 0, 353.99597167969);
CreateObject(2934, 2936.5, -719.79998779297, 7.5999999046326, 0, 0, 353.99597167969);
CreateObject(2935, 2937.3999023438, -687.09997558594, 4.8000001907349, 0, 0, 354);
CreateObject(2935, 2939.1999511719, -686.79998779297, 4.4000000953674, 0, 0, 353.99597167969);
CreateObject(2935, 2908.6999511719, -721.59997558594, 11, 0, 0, 299.99768066406);
CreateObject(2934, 2910.1000976563, -683.70001220703, 11, 0, 0, 61.998779296875);
CreateObject(2934, 2913.5, -684.79998779297, 10.39999961853, 0, 0, 65.997802734375);
CreateObject(2934, 2918.3999023438, -686.5, 9.8000001907349, 0, 0, 73.995361328125);
CreateObject(2934, 2922.3999023438, -687.20001220703, 9, 0, 0, 85.992919921875);
CreateObject(2934, 2926.1000976563, -687.90002441406, 7.9000000953674, 0, 0, 85.989990234375);
CreateObject(2934, 2929.6000976563, -688.29998779297, 6.8000001907349, 0, 0, 85.989990234375);
CreateObject(2934, 2933.5, -688.70001220703, 5.6999998092651, 0, 0, 85.989990234375);
CreateObject(2935, 2913.6999511719, -719.70001220703, 10.60000038147, 0, 0, 285.9970703125);
CreateObject(2935, 2918.8000488281, -718.79998779297, 10.10000038147, 0, 0, 279.99401855469);
CreateObject(2935, 2923.3000488281, -718.20001220703, 8.8000001907349, 0, 0, 279.98901367188);
CreateObject(2935, 2927.8999023438, -717.59997558594, 7.1999998092651, 0, 0, 277.98657226563);
CreateObject(2935, 2932.6000976563, -717.5, 5.8000001907349, 0, 0, 267.98657226563);
CreateObject(2934, 2941.1000976563, -720.09997558594, 4.3000001907349, 0, 0, 353.99597167969);
CreateObject(2934, 2942, -720.19921875, 7.1999998092651, 0, 0, 353.99597167969);
CreateObject(2934, 2944.1999511719, -720.40002441406, 4.3000001907349, 0, 0, 353.99597167969);
CreateObject(2935, 2942.3000488281, -687.09997558594, 4.3000001907349, 0, 0, 353.99597167969);
CreateObject(2935, 2944.3000488281, -687.29998779297, 4.3000001907349, 0, 0, 353.99597167969);
CreateObject(2935, 2946.3000488281, -687.59997558594, 4.3000001907349, 0, 0, 353.99597167969);
CreateObject(2935, 2940.3999023438, -687, 7.3000001907349, 0, 0, 353.99597167969);
CreateObject(2935, 2945.2998046875, -687.3994140625, 7.1999998092651, 0, 0, 353.99597167969);
CreateObject(3262, 2905.1999511719, -687.09997558594, 10, 0, 0, 325.99731445313);
CreateObject(3262, 2904.8000488281, -718.09997558594, 10, 0, 0, 207.9931640625);
CreateObject(3263, 3035, -709.5, 2.0999999046326, 0, 0, 260);
CreateObject(3263, 3034.3999023438, -715.90002441406, 2.0999999046326, 0, 0, 259.99694824219);
CreateObject(3264, 3131.1000976563, -716.90002441406, 2.0999999046326, 0, 0, 270);
CreateObject(3264, 3130.8000488281, -732.40002441406, 2.0999999046326, 0, 0, 268);
CreateObject(3410, 2886.1999511719, -681.09997558594, 10.60000038147, 0, 0, 272);
CreateObject(3410, 2885.6000976563, -719.70001220703, 10.60000038147, 0, 0, 265.99548339844);
CreateObject(3471, 3132.6999511719, -714.5, 3.4000000953674, 0, 0, 178);
CreateObject(3471, 3131.8999023438, -735.09997558594, 3.4000000953674, 0, 0, 173.99499511719);
CreateObject(6958, 2942.3000488281, -703.79998779297, 11.60000038147, 0, 0, 356);
CreateObject(14467, 3132.6999511719, -719.79998779297, 4.8000001907349, 0, 0, 358);
CreateObject(14467, 3131.6999511719, -729.90002441406, 4.8000001907349, 0, 0, 177.99499511719);
CreateObject(7419, 3215.8999023438, -716.20001220703, -4.5, 0, 0, 358);
CreateObject(3353, 3276.6999511719, -711.70001220703, 3, 0, 0, 87.994995117188);
CreateObject(3353, 3276.099609375, -736.099609375, 3, 0, 0, 87.989501953125);
CreateObject(7971, 3226.1999511719, -771.09997558594, 6.9000000953674, 0, 0, 88);
CreateObject(7971, 3196.6000976563, -678.79998779297, 6.9000000953674, 0, 0, 267.99499511719);
CreateObject(9241, 3303.8000488281, -651.79998779297, 3.7999999523163, 0, 0, 358);
CreateObject(9241, 3277.5, -651, 3.7999999523163, 0, 0, 357.99499511719);
CreateObject(16098, 3143.5, -790.20001220703, 7.0999999046326, 0, 0, 358);
CreateObject(13367, 3144.1999511719, -640.20001220703, 14.10000038147, 0, 0, 358);
CreateObject(3637, 3222.8000488281, -814.59997558594, 10.199999809265, 0, 0, 88);
CreateObject(3637, 3198.1999511719, -640.29998779297, 10.199999809265, 0, 0, 267.99499511719);
CreateObject(12911, 3142.1999511719, -660.20001220703, 2.0999999046326, 0, 0, 8);
CreateObject(16342, 3245.8999023438, -791.79998779297, 5.4000000953674, 0, 0, 0);
CreateObject(16342, 3246.1999511719, -782.70001220703, 5.4000000953674, 0, 0, 0);
CreateObject(16342, 3246.8000488281, -773.90002441406, 5.4000000953674, 0, 0, 0);
CreateObject(3256, 3309.5, -793, 2.0999999046326, 0, 0, 0);
CreateObject(3638, 3296.6000976563, -803.90002441406, 5.4000000953674, 0, 0, 322);
CreateObject(3643, 3311.3000488281, -782.20001220703, 8, 0, 0, 0);
CreateObject(17068, 3317.6999511719, -802.29998779297, 0, 0, 0, 358);
CreateObject(17068, 3318.3999023438, -783.40002441406, 0, 0, 0, 357.99548339844);
CreateObject(11495, 3316, -800.29998779297, 0, 0, 0, 178);
CreateObject(11495, 3316.6000976563, -783.20001220703, 0, 0, 0, 177.99548339844);
CreateObject(17068, 3319.1000976563, -762.09997558594, 0, 0, 0, 357.99499511719);
CreateObject(11495, 3317.3000488281, -762, 0, 0, 0, 177.99499511719);
CreateObject(1676, 3220.6000976563, -778.79998779297, 3.9000000953674, 0, 0, 88);
CreateObject(1676, 3220.6999511719, -775.79998779297, 3.9000000953674, 0, 0, 87.994995117188);
CreateObject(1676, 3231.6000976563, -776.09997558594, 3.9000000953674, 0, 0, 87.994995117188);
CreateObject(1676, 3231.5, -779.09997558594, 3.9000000953674, 0, 0, 87.994995117188);
CreateObject(1676, 3191.3000488281, -673.70001220703, 3.9000000953674, 0, 0, 87.994995117188);
CreateObject(1676, 3191.3999023438, -671, 3.9000000953674, 0, 0, 87.994995117188);
CreateObject(1676, 3202.1000976563, -674.09997558594, 3.9000000953674, 0, 0, 87.994995117188);
CreateObject(1676, 3202.1999511719, -671.29998779297, 3.9000000953674, 0, 0, 87.994995117188);
CreateObject(1432, 3206.8000488281, -778, 2.2999999523163, 0, 0, 0);
CreateObject(1432, 3199.5, -769.79998779297, 2.2999999523163, 0, 0, 0);
CreateObject(1432, 3223.1999511719, -680.09997558594, 2.2999999523163, 0, 0, 0);
CreateObject(1432, 3215.8999023438, -672.40002441406, 2.2999999523163, 0, 0, 0);
CreateObject(1968, 3282.8000488281, -711.5, 3.5, 0, 0, 88);
CreateObject(1968, 3282.8999023438, -707.79998779297, 3.5, 0, 0, 87.994995117188);
CreateObject(1968, 3282.3000488281, -735.79998779297, 3.5, 0, 0, 87.994995117188);
CreateObject(1968, 3282.3999023438, -732, 3.5, 0, 0, 87.994995117188);
CreateObject(16151, 3263.1999511719, -732.59997558594, 3, 0, 0, 358);
CreateObject(16151, 3263.6999511719, -708.59997558594, 3, 0, 0, 357.99499511719);
CreateObject(947, 3260.8999023438, -743.29998779297, 5.1999998092651, 0, 0, 358);
CreateObject(947, 3261.6999511719, -719.09997558594, 5.1999998092651, 0, 0, 357.99499511719);
CreateObject(3031, 3281.3999023438, -709.79998779297, 9.6000003814697, 0, 0, 0);
CreateObject(3031, 3280.3999023438, -734.29998779297, 9.5, 0, 0, 0);
CreateObject(2114, 3261.8999023438, -743.29998779297, 3.2000000476837, 0, 0, 0);
CreateObject(2114, 3262.8000488281, -719, 3.2000000476837, 0, 0, 0);
CreateObject(1753, 3281.6000976563, -718.70001220703, 3.7000000476837, 0, 0, 88);
CreateObject(1753, 3281.1000976563, -743.20001220703, 3.7000000476837, 0, 0, 87.994995117188);
CreateObject(1707, 3273.6999511719, -717.29998779297, 3, 0, 0, 268);
CreateObject(1707, 3273.1000976563, -741.90002441406, 3, 0, 0, 267.99499511719);
CreateObject(14820, 3271.6999511719, -714, 4.8000001907349, 0, 0, 358);
CreateObject(941, 3271.5, -714, 4.1999998092651, 0, 0, 358);
CreateObject(941, 3270.8999023438, -738.29998779297, 4.1999998092651, 0, 0, 357.99499511719);
CreateObject(14820, 3271.1000976563, -738.29998779297, 4.8000001907349, 0, 0, 357.99499511719);
CreateObject(3749, 2907.1000976563, -712.5, 15.699999809265, 0, 0, 87.989501953125);
CreateObject(3749, 2907.3999023438, -692.90002441406, 15.699999809265, 0, 0, 89.989501953125);
CreateObject(3262, 2905.1000976563, -706.79998779297, 10, 0, 0, 325.99731445313);
CreateObject(3262, 2905.1999511719, -698.5, 10, 0, 0, 207.9931640625);
CreateObject(2934, 2941.3999023438, -716.29998779297, 4.3000001907349, 0, 0, 83.995971679688);
CreateObject(2934, 2941.6999511719, -713.59997558594, 4.3000001907349, 0, 0, 83.990478515625);
CreateObject(2935, 2943, -691, 4.3000001907349, 0, 0, 83.995971679688);
CreateObject(2935, 2942.6000976563, -693.79998779297, 4.3000001907349, 0, 0, 83.990478515625);
CreateObject(3749, 2105.599609375, 1862.5, 15.5, 0, 0, 71.998901367188);
CreateObject(3749, 2106.8999023438, 1969.6999511719, 15.5, 0, 0, 90);
CreateObject(987, 2108.5, 1872.0999755859, 9.8000001907349, 0, 0, 90);
CreateObject(987, 2108.5, 1884.0999755859, 9.8000001907349, 0, 0, 90);
CreateObject(987, 2108.5, 1896, 9.8000001907349, 0, 0, 90);
CreateObject(987, 2108.5, 1908, 9.8000001907349, 0, 0, 90);
CreateObject(987, 2108.5, 1920, 9.8000001907349, 0, 0, 90);
CreateObject(987, 2108.5, 1932, 9.8000001907349, 0, 0, 90);
CreateObject(987, 2108.5, 1944, 9.8000001907349, 0, 0, 90);
CreateObject(987, 2108.5, 1949.7998046875, 9.8000001907349, 0, 0, 90);
CreateObject(8209, 1989.0999755859, 1722.9000244141, 13.300000190735, 0, 0, 0);
CreateObject(8209, 2058.3000488281, 2012.4000244141, 12.89999961853, 0, 0, 180);
CreateObject(8209, 1967.5, 2012.5999755859, 12.89999961853, 0, 0, 179.99450683594);
CreateObject(987, 2107.8999023438, 1979.5, 9.8000001907349, 0, 0, 90);
CreateObject(987, 2107.8999023438, 1991.4000244141, 9.8000001907349, 0, 0, 90);
CreateObject(987, 2107.8000488281, 2001, 9.8000001907349, 0, 0, 90);
CreateObject(8209, 2081, 1810.1999511719, 12.89999961853, 0, 0, 64);
CreateObject(8209, 2060.1000976563, 1767.4000244141, 12.89999961853, 0, 0, 63.995361328125);
CreateObject(8209, 1948, 1722.9000244141, 13.199999809265, 0, 0, 0);
CreateObject(8210, 1883.9000244141, 1746.4000244141, 12.800000190735, 0, 0, 301.99987792969);
CreateObject(8209, 1852.0999755859, 1986.3000488281, 12.89999961853, 0, 0, 270);
CreateObject(8209, 1852, 1887.1999511719, 12.89999961853, 0, 0, 270);
CreateObject(8210, 1852.5999755859, 1825.8000488281, 12.89999961853, 0, 0, 269.99816894531);
CreateObject(8210, 1866.8000488281, 1774.6999511719, 11.89999961853, 0, 0, 299.99816894531);
CreateObject(987, 1902.5999755859, 1959.8000488281, 6.5999999046326, 0, 0, 271.99993896484);
CreateObject(987, 1902.5999755859, 1958.1999511719, 6.5999999046326, 0, 0, 271.99951171875);
CreateObject(987, 1866.5999755859, 2008.8000488281, 6.5999999046326, 0, 0, 271.99951171875);
CreateObject(987, 1866.5999755859, 2007.6999511719, 6.5999999046326, 0, 0, 271.99951171875);
CreateObject(3533, 1853.9000244141, 1929.5999755859, 10.800000190735, 0, 0, 0);
CreateObject(3533, 1866, 1929.5999755859, 10.800000190735, 0, 0, 0);
CreateObject(3533, 1916.5999755859, 1963.6999511719, 10.800000190735, 0, 0, 0);
CreateObject(3533, 1916.5999755859, 1975.5, 10.800000190735, 0, 0, 0);
CreateObject(3533, 1872.5, 1803, 16, 0, 0, 0);
CreateObject(3533, 1872.5, 1791.3000488281, 16, 0, 0, 0);
CreateObject(3533, 1969, 1758.5999755859, 16, 0, 0, 0);
CreateObject(3533, 1969, 1770.0999755859, 16, 0, 0, 0);
CreateObject(8673, 1872.5, 1815, 14.300000190735, 0, 0, 270);
CreateObject(4100, 1872.0999755859, 1781, 14.60000038147, 0, 0, 48);
CreateObject(4100, 1905, 1764.9000244141, 14.5, 0, 0, 47.999267578125);
CreateObject(4100, 1905.3000488281, 1748, 14.5, 0, 0, 47.999267578125);
CreateObject(4100, 1905, 1731.9000244141, 14.5, 0, 0, 47.999267578125);
CreateObject(4100, 1879.3000488281, 1773, 14.60000038147, 0, 0, 137.99923706055);
CreateObject(4100, 1895.8000488281, 1773.5, 14.60000038147, 0, 0, 137.99377441406);
CreateObject(4100, 1912.4000244141, 1724.0999755859, 14.5, 0, 0, 137.99377441406);
CreateObject(4100, 1928.8000488281, 1724.0999755859, 14.5, 0, 0, 137.99377441406);
CreateObject(4100, 1945.0999755859, 1724.1999511719, 14.5, 0, 0, 137.99377441406);
CreateObject(4100, 1961.5, 1723.9000244141, 14.60000038147, 0, 0, 137.99377441406);
CreateObject(4100, 1977.9000244141, 1723.9000244141, 14.60000038147, 0, 0, 137.99377441406);
CreateObject(4100, 1994.5999755859, 1724.3000488281, 14.60000038147, 0, 0, 137.99377441406);
CreateObject(4100, 2010.5999755859, 1724.5, 14.60000038147, 0, 0, 137.99377441406);
CreateObject(4100, 2017.6999511719, 1731.9000244141, 14.60000038147, 0, 0, 49.999267578125);
CreateObject(4100, 2018.4000244141, 1748.3000488281, 14.60000038147, 0, 0, 49.998779296875);
CreateObject(4100, 2010.1999511719, 1755.6999511719, 14.60000038147, 0, 0, 137.99377441406);
CreateObject(4100, 1993.9000244141, 1754.9000244141, 14.60000038147, 0, 0, 139.99377441406);
CreateObject(4100, 1977.5999755859, 1755.4000244141, 14.60000038147, 0, 0, 139.99328613281);
CreateObject(987, 1922, 1803.5, 11.800000190735, 0, 0, 270);
CreateObject(987, 1921.9000244141, 1802.1999511719, 11.800000190735, 0, 0, 270);
CreateObject(987, 1954.9000244141, 1754.5, 11.699999809265, 0, 0, 270);
CreateObject(987, 1955, 1753.1999511719, 11.699999809265, 0, 0, 270);
CreateObject(4100, 1968.5, 1781.0999755859, 14.60000038147, 0, 0, 49.998779296875);
CreateObject(4100, 1969, 1797.1999511719, 14.60000038147, 0, 0, 49.998779296875);
CreateObject(4100, 1936.5, 1813.5999755859, 14.5, 0, 0, 49.998779296875);
CreateObject(4100, 1961.9000244141, 1804.1999511719, 14.60000038147, 0, 0, 139.99328613281);
CreateObject(4100, 1944.6999511719, 1804.6999511719, 14.5, 0, 0, 139.99328613281);
CreateObject(4100, 1928.6999511719, 1821.4000244141, 14.5, 0, 0, 139.99328613281);
CreateObject(4100, 1912.3000488281, 1821.3000488281, 14.60000038147, 0, 0, 139.99328613281);
CreateObject(4100, 1895.6999511719, 1821, 14.60000038147, 0, 0, 139.99328613281);
CreateObject(4100, 1879.3000488281, 1821.4000244141, 14.60000038147, 0, 0, 139.99328613281);
CreateObject(987, 1918.0999755859, 2013.1999511719, 10.300000190735, 0, 0, 90);
CreateObject(987, 1918.1999511719, 2016.1999511719, 10.39999961853, 0, 0, 90);
CreateObject(987, 1918.1999511719, 2027.9000244141, 9.8000001907349, 0, 0, 166);
CreateObject(987, 1906.5, 2031.0999755859, 10, 0, 0, 169.99792480469);
CreateObject(987, 1894.8000488281, 2032.9000244141, 9.8000001907349, 0, 0, 169.99694824219);
CreateObject(987, 1883, 2035.5, 10, 0, 0, 169.99694824219);
CreateObject(987, 1871.0999755859, 2038, 10.10000038147, 0, 0, 179.99694824219);
CreateObject(987, 1863.3000488281, 2038.0999755859, 10.10000038147, 0, 0, 189.99450683594);
CreateObject(7388, 2019.6999511719, 1755.1999511719, 9.8000001907349, 0, 0, 0);
CreateObject(3524, 2109.3000488281, 1867.1999511719, 12.60000038147, 0, 0, 82);
CreateObject(3524, 2105.6999511719, 1856.4000244141, 12.699999809265, 0, 0, 81.996459960938);
CreateObject(3524, 2108.8000488281, 1964, 12.699999809265, 0, 0, 81.996459960938);
CreateObject(3524, 2109, 1975.3000488281, 12.699999809265, 0, 0, 81.996459960938);
CreateObject(9833, 2085.6999511719, 1974.5, 13.800000190735, 0, 0, 0);
CreateObject(9833, 2093.6000976563, 1849.5, 13, 0, 0, 0);
CreateObject(14467, 2069, 1868.0999755859, 13.699999809265, 0, 0, 100);
CreateObject(14467, 2094.8999023438, 1856.5999755859, 12.60000038147, 0, 0, 99.99755859375);
CreateObject(14467, 2071.3000488281, 1968.3000488281, 13.300000190735, 0, 0, 69.99755859375);
CreateObject(14467, 2092.1999511719, 1975.8000488281, 12.60000038147, 0, 0, 69.993896484375);
CreateObject(14467, 1941.0999755859, 2003.3000488281, 11.199999809265, 0, 0, 69.993896484375);
CreateObject(11395, 1925.1999511719, 1949.6999511719, 14.699999809265, 0, 0, 136);
CreateObject(8406, 2093.5, 1992.5999755859, 15.199999809265, 0, 0, 32);
CreateObject(8406, 2077.3999023438, 1842.5999755859, 15.199999809265, 0, 0, 329.99768066406);
CreateObject(3471, 2017.6999511719, 1896.0999755859, 12.60000038147, 0, 0, 0);
CreateObject(3471, 2017.6999511719, 1936.1999511719, 12.60000038147, 0, 0, 0);
CreateObject(14637, 2106.8999023438, 1861.3000488281, 21.299999237061, 0, 0, 342);
CreateObject(14637, 2109.5, 1969.5999755859, 21.10000038147, 0, 0, 0);
CreateObject(2773, 2017.8000488281, 1919.9000244141, 11.800000190735, 0, 0, 93.99853515625);
CreateObject(2773, 2017.6999511719, 1913.0999755859, 11.800000190735, 0, 0, 95.99853515625);
CreateObject(2773, 2019.6999511719, 1913.3000488281, 11.800000190735, 0, 0, 95.99853515625);
CreateObject(2773, 2020, 1920, 11.800000190735, 0, 0, 93.993530273438);
CreateObject(1248, 2016.5999755859, 1916.5, 17.299999237061, 0, 0, 90);
CreateObject(3749, 2628.8000488281, 2304.6999511719, 15.5, 0, 0, 0);
CreateObject(14637, 2628.5, 2303.3999023438, 21.299999237061, 0, 0, 269.99996948242);
CreateObject(14467, 2641.8000488281, 2305.5, 12.60000038147, 0, 0, 0);
CreateObject(987, 2638.3999023438, 2303.3000488281, 9.8000001907349, 0, 0, 0);
CreateObject(987, 2650.3999023438, 2303.1999511719, 9.8999996185303, 0, 0, 0);
CreateObject(987, 2662.3999023438, 2303.1999511719, 10.199999809265, 0, 0, 0);
CreateObject(987, 2665.5, 2303.1999511719, 10.5, 0, 0, 0);
CreateObject(987, 2677.3999023438, 2303.3999023438, 9.6999998092651, 0, 0, 96);
CreateObject(987, 2676.1999511719, 2315.3000488281, 9.8000001907349, 0, 0, 95.99853515625);
CreateObject(987, 2674.8999023438, 2327.1000976563, 9.8000001907349, 0, 0, 99.99853515625);
CreateObject(987, 2672.8000488281, 2338.8999023438, 9.8000001907349, 0, 0, 99.99755859375);
CreateObject(987, 2670.6999511719, 2350.6999511719, 9.6999998092651, 0, 0, 103.99758911133);
CreateObject(987, 2667.6999511719, 2362.1999511719, 9.6999998092651, 0, 0, 105.99658203125);
CreateObject(987, 2664.5, 2373.8000488281, 9.6999998092651, 0, 0, 109.99606323242);
CreateObject(987, 2660.3999023438, 2385.1000976563, 9.6999998092651, 0, 0, 109.99514770508);
CreateObject(987, 2656.3000488281, 2396.3999023438, 9.6999998092651, 0, 0, 113.9951171875);
CreateObject(987, 2651.3999023438, 2407.3000488281, 9.6999998092651, 0, 0, 115.99411010742);
CreateObject(987, 2646.1999511719, 2418.1999511719, 9.6999998092651, 0, 0, 117.99362182617);
CreateObject(987, 2640.6000976563, 2428.6999511719, 9.6999998092651, 0, 0, 119.9931640625);
CreateObject(987, 2634.6000976563, 2439.1000976563, 9.6999998092651, 0, 0, 121.99267578125);
CreateObject(987, 2628.3000488281, 2449.1999511719, 9.6999998092651, 0, 0, 123.99221801758);
CreateObject(987, 2621.6000976563, 2459.1000976563, 9.6999998092651, 0, 0, 129.99176025391);
CreateObject(987, 2615.8000488281, 2466.1000976563, 9.8000001907349, 0, 0, 129.990234375);
CreateObject(987, 2608.1000976563, 2475.1999511719, 9.8000001907349, 0, 0, 179.990234375);
CreateObject(987, 2596.1000976563, 2475.3000488281, 9.8999996185303, 0, 0, 179.98901367188);
CreateObject(987, 2584.1000976563, 2475.3000488281, 9.8999996185303, 0, 0, 179.98901367188);
CreateObject(987, 2572.1000976563, 2475.3000488281, 9.8999996185303, 0, 0, 179.98901367188);
CreateObject(987, 2560.1999511719, 2475.3999023438, 9.8000001907349, 0, 0, 269.98901367188);
CreateObject(987, 2560.1999511719, 2464.1000976563, 9.8000001907349, 0, 0, 269.98901367188);
CreateObject(987, 2560.1999511719, 2452.5, 9.8000001907349, 0, 0, 269.98901367188);
CreateObject(987, 2560.1999511719, 2441.3999023438, 9.8000001907349, 0, 0, 269.98901367188);
CreateObject(987, 2560.1999511719, 2432.3999023438, 9.8000001907349, 0, 0, 269.98901367188);
CreateObject(987, 2560.1999511719, 2423.5, 9.8000001907349, 0, 0, 269.98901367188);
CreateObject(987, 2560.1999511719, 2414.6000976563, 9.6000003814697, 0, 0, 269.98901367188);
CreateObject(987, 2560.1999511719, 2405.3999023438, 9.6000003814697, 0, 0, 269.98901367188);
CreateObject(987, 2560.1999511719, 2395.8999023438, 9.6999998092651, 0, 0, 269.98901367188);
CreateObject(987, 2560.1999511719, 2386.8000488281, 9.8000001907349, 0, 0, 269.98901367188);
CreateObject(987, 2560.1999511719, 2377.8000488281, 9.8000001907349, 0, 0, 269.98901367188);
CreateObject(987, 2560.1999511719, 2368.8000488281, 9.8000001907349, 0, 0, 269.98901367188);
CreateObject(987, 2560.1999511719, 2359.6999511719, 9.8000001907349, 0, 0, 269.98901367188);
CreateObject(987, 2560.1999511719, 2350.6000976563, 9.8000001907349, 0, 0, 269.98901367188);
CreateObject(987, 2560.1999511719, 2341.5, 9.8999996185303, 0, 0, 269.98901367188);
CreateObject(987, 2560.1999511719, 2332.3999023438, 10, 0, 0, 269.98901367188);
CreateObject(987, 2560.1999511719, 2323.3000488281, 10.10000038147, 0, 0, 269.98901367188);
CreateObject(987, 2560.3999023438, 2311.3999023438, 9.8000001907349, 0, 0, 257.98901367188);
CreateObject(987, 2557.8999023438, 2299.8000488281, 9.8000001907349, 0, 0, 267.98901367188);
CreateObject(987, 2557.3999023438, 2287.8000488281, 9.8999996185303, 0, 0, 269.98901367188);
CreateObject(987, 2557.3999023438, 2275.8000488281, 9.8999996185303, 0, 0, 269.98901367188);
CreateObject(987, 2557.3999023438, 2263.8000488281, 9.8999996185303, 0, 0, 269.98901367188);
CreateObject(987, 2557.3000488281, 2254.6999511719, 9.8999996185303, 0, 0, 269.98901367188);
CreateObject(987, 2557.3000488281, 2242.6999511719, 9.8000001907349, 0, 0, 0);
CreateObject(987, 2569.3000488281, 2242.6999511719, 9.8000001907349, 0, 0, 0);
CreateObject(987, 2581.3000488281, 2242.8000488281, 9.8000001907349, 0, 0, 0);
CreateObject(987, 2593.1999511719, 2242.8999023438, 9.8000001907349, 0, 0, 0);
CreateObject(987, 2605.1000976563, 2243.1000976563, 9.8000001907349, 0, 0, 0);
CreateObject(987, 2607, 2243.1999511719, 9.8000001907349, 0, 0, 0);
CreateObject(987, 2619, 2243.1999511719, 9.8000001907349, 0, 0, 89.99853515625);
CreateObject(987, 2618.8999023438, 2255.1999511719, 9.8000001907349, 0, 0, 89.994506835938);
CreateObject(987, 2618.8000488281, 2267.1999511719, 9.8000001907349, 0, 0, 89.994506835938);
CreateObject(987, 2618.8000488281, 2279.1999511719, 9.8000001907349, 0, 0, 89.994506835938);
CreateObject(987, 2618.8000488281, 2291.1999511719, 9.8000001907349, 0, 0, 89.994506835938);
CreateObject(3934, 2631.6999511719, 2359.8000488281, 31.200000762939, 0, 0, 205.998046875);
CreateObject(2773, 2626.8000488281, 2348.1000976563, 10.300000190735, 0, 0, 17.99560546875);
CreateObject(2773, 2629.6000976563, 2349.5, 10.300000190735, 0, 0, 17.99560546875);
CreateObject(5837, 2636.3999023438, 2214.6999511719, 11.5, 0, 0, 46);
CreateObject(3939, 2627.3000488281, 2208, 11.60000038147, 0, 0, 89.999938964844);
CreateObject(3939, 2620.6000976563, 2207.8999023438, 11.60000038147, 0, 0, 89.994506835938);
CreateObject(1228, 2637.8000488281, 2227.8000488281, 10.199999809265, 0, 0, 268);
CreateObject(1228, 2636.1999511719, 2227.8000488281, 10.199999809265, 0, 0, 267.99499511719);
CreateObject(1228, 2634.6000976563, 2227.8000488281, 10.199999809265, 0, 0, 267.99499511719);
CreateObject(1228, 2632.8999023438, 2227.8999023438, 10.199999809265, 0, 0, 267.99499511719);
CreateObject(1228, 2631.3999023438, 2227.5, 10.199999809265, 0, 0, 299.99499511719);
CreateObject(1228, 2630, 2226.6999511719, 10.199999809265, 0, 0, 299.99267578125);
CreateObject(1228, 2628.6000976563, 2225.8000488281, 10.199999809265, 0, 0, 301.99267578125);
CreateObject(1237, 2627.8000488281, 2225.1000976563, 9.8000001907349, 0, 0, 0);
CreateObject(1237, 2627.5, 2224.3999023438, 9.8000001907349, 0, 0, 0);
CreateObject(1237, 2627.1999511719, 2223.6999511719, 9.8000001907349, 0, 0, 0);
CreateObject(1228, 2618.6999511719, 2222.3999023438, 10.39999961853, 0, 0, 357.9921875);
CreateObject(1237, 2619.5, 2223.1999511719, 9.8000001907349, 0, 0, 0);
CreateObject(1237, 2620.1000976563, 2222.8000488281, 9.8000001907349, 0, 0, 0);
CreateObject(1237, 2620.3999023438, 2222.1999511719, 9.8000001907349, 0, 0, 0);
CreateObject(1237, 2620.6000976563, 2221.5, 9.8000001907349, 0, 0, 0);
CreateObject(1237, 2627, 2223, 9.8000001907349, 0, 0, 0);
CreateObject(3526, 2639, 2293.1999511719, 9.6999998092651, 0, 0, 0);
CreateObject(3526, 2640.3000488281, 2293.1999511719, 9.6999998092651, 0, 0, 0);
CreateObject(3526, 2641.5, 2293.1999511719, 9.6999998092651, 0, 0, 0);
CreateObject(3526, 2628.8000488281, 2309.8000488281, 9.6999998092651, 0, 0, 90);
CreateObject(3526, 2628.8000488281, 2308.3000488281, 9.6999998092651, 0, 0, 90);
CreateObject(3526, 2628.8000488281, 2307, 9.6999998092651, 0, 0, 90);
CreateObject(3526, 2633.5, 2364.1000976563, 31.200000762939, 0, 0, 28);
CreateObject(3526, 2636.1000976563, 2358.6999511719, 31.200000762939, 0, 0, 27.998657226563);
CreateObject(3526, 2630, 2355.6999511719, 31.200000762939, 0, 0, 207.99865722656);
CreateObject(3526, 2627.3999023438, 2361.1000976563, 31.200000762939, 0, 0, 205.99865722656);
CreateObject(10789, 2571.8999023438, 2274.8000488281, 12.39999961853, 0, 0, 0);
CreateObject(1676, 2573.3000488281, 2262.8999023438, 11.60000038147, 0, 0, 0);
CreateObject(1676, 2580.6999511719, 2263, 11.60000038147, 0, 0, 0);
CreateObject(1676, 2566, 2263, 11.60000038147, 0, 0, 0);
CreateObject(1676, 2565.8000488281, 2272.1999511719, 11.60000038147, 0, 0, 0);
CreateObject(1676, 2573.3000488281, 2272.1999511719, 11.60000038147, 0, 0, 0);
CreateObject(1676, 2580.6999511719, 2272.1999511719, 11.60000038147, 0, 0, 0);
CreateObject(1248, 2627.8999023438, 2349.6999511719, 12.60000038147, 0, 0, 24);
CreateObject(1557, 2626.6000976563, 2349, 9.8999996185303, 0, 0, 28);
CreateObject(1557, 2629.3000488281, 2350.3000488281, 9.8999996185303, 0, 0, 203.99865722656);
CreateObject(1237, 2593.6999511719, 2470.1000976563, 9.8000001907349, 0, 0, 0);
CreateObject(1237, 2594.3999023438, 2470, 9.8000001907349, 0, 0, 0);
CreateObject(1237, 2594.8999023438, 2469.6000976563, 9.8000001907349, 0, 0, 0);
CreateObject(1237, 2595.1000976563, 2469, 9.8000001907349, 0, 0, 0);
CreateObject(1237, 2594.8999023438, 2468.3999023438, 9.8000001907349, 0, 0, 0);
CreateObject(1237, 2594.5, 2468, 9.8000001907349, 0, 0, 0);
CreateObject(1237, 2593.8000488281, 2468, 9.8000001907349, 0, 0, 0);
CreateObject(1237, 2592, 2468, 9.8000001907349, 0, 0, 0);
CreateObject(1237, 2592, 2468.6000976563, 9.8000001907349, 0, 0, 0);
CreateObject(1237, 2592, 2469.3999023438, 9.8000001907349, 0, 0, 0);
CreateObject(1237, 2592, 2470.1000976563, 9.8000001907349, 0, 0, 0);
CreateObject(1237, 2591.3999023438, 2470.1000976563, 9.8000001907349, 0, 0, 0);
CreateObject(1237, 2590.6999511719, 2470.1000976563, 9.8000001907349, 0, 0, 0);
CreateObject(1237, 2590.6000976563, 2469.5, 9.8000001907349, 0, 0, 0);
CreateObject(1237, 2590.6000976563, 2468.8000488281, 9.8000001907349, 0, 0, 0);
CreateObject(1237, 2591.3000488281, 2468, 9.8000001907349, 0, 0, 0);
CreateObject(1237, 2590.6000976563, 2468.1000976563, 9.8000001907349, 0, 0, 0);
CreateObject(1237, 2593.3000488281, 2468, 9.8000001907349, 0, 0, 0);
CreateObject(1237, 2589.3999023438, 2470.1999511719, 9.8000001907349, 0, 0, 0);
CreateObject(1237, 2589.3999023438, 2469.6000976563, 9.8000001907349, 0, 0, 0);
CreateObject(1237, 2589.3999023438, 2469, 9.8000001907349, 0, 0, 0);
CreateObject(1237, 2589.3999023438, 2468.3999023438, 9.8000001907349, 0, 0, 0);
CreateObject(1237, 2588.8999023438, 2468.1000976563, 9.8000001907349, 0, 0, 0);
CreateObject(1237, 2588.3000488281, 2469.3000488281, 9.8000001907349, 0, 0, 0);
CreateObject(1237, 2587.8000488281, 2469.1999511719, 9.8000001907349, 0, 0, 0);
CreateObject(1237, 2587.8999023438, 2468.5, 9.8000001907349, 0, 0, 0);
CreateObject(1237, 2588.3000488281, 2468.1999511719, 9.8000001907349, 0, 0, 0);
CreateObject(1237, 2588.8999023438, 2469.3999023438, 9.8000001907349, 0, 0, 0);
CreateObject(1237, 2586.1000976563, 2470.3000488281, 9.8000001907349, 0, 0, 0);
CreateObject(1237, 2586.1000976563, 2469.6999511719, 9.8000001907349, 0, 0, 0);
CreateObject(1237, 2585.6000976563, 2469.1999511719, 9.8000001907349, 0, 0, 0);
CreateObject(1237, 2585.1000976563, 2468.6999511719, 9.8000001907349, 0, 0, 0);
CreateObject(1237, 2586.3999023438, 2469.1999511719, 9.8000001907349, 0, 0, 0);
CreateObject(1237, 2586.8000488281, 2468.6000976563, 9.8000001907349, 0, 0, 0);
CreateObject(1237, 2586.1000976563, 2470.8000488281, 9.8000001907349, 0, 0, 0);
CreateObject(1594, 2623.1999511719, 2451, 14.300000190735, 0, 0, 0);
CreateObject(14391, 2615.1999511719, 2453.1999511719, 14.800000190735, 0, 2, 270);
CreateObject(2229, 2612, 2453, 13.89999961853, 0, 0, 0);
CreateObject(2229, 2619.1999511719, 2452.8999023438, 13.89999961853, 0, 0, 0);
CreateObject(2232, 2611.1000976563, 2452.8000488281, 14.5, 0, 0, 0);
CreateObject(2232, 2619.5, 2452.6999511719, 14.5, 0, 0, 0);
CreateObject(2231, 2613, 2452, 13.89999961853, 0, 0, 0);
CreateObject(2231, 2618.6000976563, 2452.1000976563, 13.89999961853, 0, 0, 0);
CreateObject(1594, 2610.8000488281, 2437.5, 14.300000190735, 0, 0, 0);
CreateObject(1594, 2624.5, 2443.8999023438, 14.300000190735, 0, 0, 0);
CreateObject(1594, 2610.3999023438, 2444.1999511719, 14.300000190735, 0, 0, 0);
CreateObject(1594, 2615.6999511719, 2440.6000976563, 14.300000190735, 0, 0, 0);
CreateObject(1594, 2617.1999511719, 2445.5, 14.300000190735, 0, 0, 0);
CreateObject(1594, 2624.6000976563, 2437.3000488281, 14.300000190735, 0, 0, 0);
CreateObject(1594, 2626.8000488281, 2442.8000488281, 14.300000190735, 0, 0, 0);
CreateObject(1594, 2620.8999023438, 2440.1999511719, 14.300000190735, 0, 0, 0);
CreateObject(1594, 2620.8000488281, 2447.3000488281, 14.300000190735, 0, 0, 0);
CreateObject(1594, 2611.8999023438, 2447.6000976563, 14.300000190735, 0, 0, 0);
CreateObject(16151, 2632.8999023438, 2437.6999511719, 13.89999961853, 0, 0, 30);
CreateObject(16152, 2637.6999511719, 2430.3000488281, 13.89999961853, 0, 0, 210);
CreateObject(1481, 2641.5, 2422.1000976563, 14.60000038147, 0, 0, 233.99993896484);
CreateObject(1481, 2640.8999023438, 2421.3000488281, 14.60000038147, 0, 0, 233.99780273438);
CreateObject(1481, 2640.3000488281, 2420.5, 14.60000038147, 0, 0, 233.99780273438);
CreateObject(2627, 2563.1000976563, 2303, 16.799999237061, 0, 0, 272);
CreateObject(2628, 2563.1999511719, 2305.6000976563, 16.799999237061, 0, 0, 92);
CreateObject(2629, 2563.3999023438, 2309.8000488281, 16.799999237061, 0, 0, 0);
CreateObject(2630, 2566.1000976563, 2309.8000488281, 16.799999237061, 0, 0, 0);
CreateObject(2631, 2571.6000976563, 2303.8999023438, 16.89999961853, 0, 0, 270);
CreateObject(2632, 2568.8000488281, 2303.8999023438, 16.89999961853, 0, 0, 270);
CreateObject(2915, 2571.8000488281, 2302.5, 17.10000038147, 0, 0, 0);
CreateObject(2916, 2568.6999511719, 2302.5, 17.10000038147, 0, 0, 0);
CreateObject(3524, 2623.1000976563, 2302.8000488281, 12.699999809265, 0, 0, 0);
CreateObject(3524, 2634.3999023438, 2302.6999511719, 12.699999809265, 0, 0, 0);
CreateObject(3525, 2633.1999511719, 2302.6000976563, 20.299999237061, 0, 228, 48);
CreateObject(3525, 2633.5, 2302.6000976563, 20.299999237061, 0, 227.99926757813, 47.999267578125);
CreateObject(3525, 2633.8000488281, 2302.8999023438, 20.5, 0, 329.99987792969, 93.999206542969);
CreateObject(3525, 2623.8999023438, 2302.8000488281, 20.5, 0, 230, 142);
CreateObject(3525, 2623.5, 2302.8000488281, 20.39999961853, 0, 229.99877929688, 141.99829101563);
CreateObject(3525, 2623.1000976563, 2303, 20.60000038147, 0, 325.99987792969, 141.99829101563);