CreateObject(1216, 1412.50, -1752.70, 13.20,   0.00, 0.00, 0.00);
CreateObject(1216, 1411.00, -1752.70, 13.20,   0.00, 0.00, 0.00);
CreateObject(1216, 1410.04, -1753.50, 13.20,   0.00, 0.00, 90.00);
CreateObject(1216, 1410.04, -1755.00, 13.20,   0.00, 0.00, 90.00);
CreateObject(1216, 1547.90, -1752.70, 13.20,   0.00, 0.00, 0.00);
CreateObject(1216, 1546.20, -1752.70, 13.20,   0.00, 0.00, 0.00);
CreateObject(1216, 1548.80, -1753.30, 13.20,   0.00, 0.00, 270.00);
CreateObject(1216, 1548.80, -1755.00, 13.20,   0.00, 0.00, 270.00);
CreateObject(1223, 1409.70, -1752.30, 12.00,   0.00, 0.00, 315.00);
CreateObject(1223, 1549.20, -1752.40, 12.00,   0.00, 0.00, 215.00);
CreateObject(18981, 1512.12, -1609.72, 11.87,   0.00, 90.00, 0.00);
CreateObject(18981, 1512.14, -1634.67, 11.87,   0.00, 90.00, 0.00);
CreateObject(18981, 1512.12, -1659.54, 11.87,   0.00, 90.00, 0.00);
CreateObject(18981, 1512.10, -1684.43, 11.87,   0.00, 90.00, 0.00);
CreateObject(18981, 1512.10, -1709.04, 11.87,   0.00, 90.00, 0.00);
CreateObject(18981, 1512.10, -1733.70, 11.87,   0.00, 90.00, 0.00);
CreateObject(18981, 1487.23, -1609.78, 11.87,   0.00, 90.00, 0.00);
CreateObject(18981, 1487.23, -1634.47, 11.87,   0.00, 90.00, 0.00);
CreateObject(18981, 1487.23, -1659.31, 11.87,   0.00, 90.00, 0.00);
CreateObject(18981, 1487.23, -1684.29, 11.87,   0.00, 90.00, 0.00);
CreateObject(18981, 1487.25, -1709.22, 11.87,   0.00, 90.00, 0.00);
CreateObject(18981, 1487.23, -1734.13, 11.87,   0.00, 90.00, 0.00);
CreateObject(18981, 1462.46, -1609.60, 11.87,   0.00, 90.00, 0.00);
CreateObject(18981, 1462.52, -1634.58, 11.87,   0.00, 90.00, 0.00);
CreateObject(18981, 1462.52, -1659.37, 11.87,   0.00, 90.00, 0.00);
CreateObject(18981, 1462.50, -1684.32, 11.87,   0.00, 90.00, 0.00);
CreateObject(18981, 1462.52, -1709.19, 11.87,   0.00, 90.00, 0.00);
CreateObject(18981, 1462.52, -1734.07, 11.87,   0.00, 90.00, 0.00);
CreateObject(18981, 1438.03, -1609.69, 11.87,   0.00, 90.00, 0.00);
CreateObject(18981, 1441.99, -1634.33, 11.87,   0.00, 90.00, 0.00);
CreateObject(18981, 1442.79, -1658.89, 11.87,   0.00, 90.00, 0.00);
CreateObject(18981, 1438.10, -1683.56, 11.87,   0.00, 90.00, 0.00);
CreateObject(18981, 1437.64, -1707.52, 11.87,   0.00, 90.00, 0.00);
CreateObject(18981, 1437.98, -1732.34, 11.87,   0.00, 90.00, 0.00);
CreateObject(10368, 1479.35, -1678.98, 32.87,   0.00, 0.00, -180.00);
CreateObject(655, 1520.22, -1723.10, 12.91,   0.00, 0.00, 0.00);
CreateObject(655, 1438.17, -1723.05, 12.89,   0.00, 0.00, 0.00);
CreateObject(3511, 1462.22, -1718.38, 12.77,   0.00, 0.00, 0.00);
CreateObject(3511, 1482.94, -1718.67, 13.00,   0.00, 0.00, 0.00);
CreateObject(712, 1515.45, -1699.30, 22.51,   0.00, 0.00, 0.00);
CreateObject(712, 1515.75, -1678.49, 22.44,   0.00, 0.00, 0.00);
CreateObject(3511, 1482.92, -1659.16, 12.88,   0.00, 0.00, 0.00);
CreateObject(3511, 1462.18, -1659.31, 12.80,   0.00, 0.00, 0.00);
CreateObject(712, 1443.07, -1678.55, 22.47,   0.00, 0.00, 0.00);
CreateObject(712, 1443.10, -1699.15, 22.45,   0.00, 0.00, 0.00);
CreateObject(655, 1519.89, -1634.66, 12.88,   0.00, 0.00, 0.00);
CreateObject(655, 1438.46, -1634.64, 12.84,   0.00, 0.00, 0.00);
CreateObject(16061, 1485.49, -1602.62, 12.38,   0.00, 0.00, 90.00);
CreateObject(16061, 1485.50, -1631.74, 12.36,   0.00, 0.00, 90.00);
CreateObject(6965, 1482.81, -1616.72, 15.99,   0.00, 0.00, 0.00);
CreateObject(1364, 1461.06, -1631.56, 13.14,   0.00, 0.00, 180.00);
CreateObject(1364, 1473.99, -1631.56, 13.14,   0.00, 0.00, 180.00);
CreateObject(1364, 1492.50, -1631.56, 13.14,   0.00, 0.00, 180.00);
CreateObject(1364, 1503.39, -1631.56, 13.14,   0.00, 0.00, 180.00);
CreateObject(1364, 1503.63, -1602.17, 13.14,   0.00, 0.00, 0.00);
CreateObject(1364, 1492.48, -1602.17, 13.14,   0.00, 0.00, 0.00);
CreateObject(1364, 1476.86, -1602.17, 13.14,   0.00, 0.00, 0.00);
CreateObject(1364, 1461.43, -1602.17, 13.14,   0.00, 0.00, 0.00);
CreateObject(3853, 1438.14, -1601.00, 16.17,   0.00, 0.00, 90.00);
CreateObject(3853, 1520.55, -1600.91, 16.21,   0.00, 0.00, 90.00);
CreateObject(1257, 1436.48, -1629.19, 13.59,   0.00, 0.00, 0.00);
CreateObject(1229, 1435.56, -1626.23, 13.85,   0.00, 0.00, 270.00);
CreateObject(14468, 1481.73, -1602.55, 12.61,   0.00, 0.00, 0.00);
CreateObject(14468, 1471.47, -1602.49, 12.36,   0.00, 0.00, 0.00);
CreateObject(14468, 1487.51, -1602.49, 12.36,   0.00, 0.00, 0.00);
CreateObject(14468, 1496.13, -1602.19, 12.37,   0.00, 0.00, 0.00);
CreateObject(14468, 1499.87, -1601.89, 12.37,   0.00, 0.00, 0.00);
CreateObject(14468, 1508.03, -1602.35, 12.37,   0.00, 0.00, 0.00);
CreateObject(14468, 1465.26, -1602.27, 12.37,   0.00, 0.00, 0.00);
CreateObject(14468, 1456.79, -1602.19, 12.37,   0.00, 0.00, 0.00);
CreateObject(14468, 1456.56, -1631.44, 12.37,   0.00, 0.00, 0.00);
CreateObject(14468, 1464.72, -1631.64, 12.37,   0.00, 0.00, 0.00);
CreateObject(14468, 1469.88, -1631.47, 12.37,   0.00, 0.00, 0.00);
CreateObject(14468, 1478.73, -1631.43, 12.37,   0.00, 0.00, 0.00);
CreateObject(14468, 1482.99, -1631.52, 12.37,   0.00, 0.00, 0.00);
CreateObject(14468, 1487.65, -1631.53, 12.37,   0.00, 0.00, 0.00);
CreateObject(14468, 1496.56, -1631.58, 12.37,   0.00, 0.00, 0.00);
CreateObject(14468, 1499.15, -1631.46, 12.61,   0.00, 0.00, 0.00);
CreateObject(14468, 1507.32, -1631.65, 12.37,   0.00, 0.00, 0.00);
CreateObject(8623, 1450.36, -1616.66, 12.36,   0.00, 0.00, 90.00);
CreateObject(647, 1450.48, -1619.61, 12.36,   0.00, 0.00, 0.00);
CreateObject(647, 1450.37, -1616.41, 12.67,   0.00, 0.00, 0.00);
CreateObject(647, 1450.21, -1612.75, 12.36,   0.00, 0.00, 0.00);
CreateObject(3439, 1450.09, -1610.33, 16.43,   0.00, 0.00, 0.00);
CreateObject(3439, 1450.37, -1622.71, 16.43,   0.00, 0.00, 0.00);
CreateObject(1294, 1522.71, -1640.77, 16.84,   0.00, 0.00, 180.00);
CreateObject(1294, 1522.71, -1656.79, 16.84,   0.00, 0.00, 180.00);
CreateObject(1294, 1522.71, -1674.98, 16.84,   0.00, 0.00, 180.00);
CreateObject(1294, 1522.71, -1702.54, 16.84,   0.00, 0.00, 180.00);
CreateObject(1294, 1486.39, -1725.71, 16.84,   0.00, 0.00, 90.00);
CreateObject(1294, 1458.80, -1725.71, 16.84,   0.00, 0.00, 90.00);
CreateObject(1294, 1436.15, -1702.61, 16.84,   0.00, 0.00, 0.00);
CreateObject(1294, 1436.15, -1675.37, 16.84,   0.00, 0.00, 0.00);
CreateObject(1294, 1436.15, -1656.06, 16.84,   0.00, 0.00, 0.00);
CreateObject(1294, 1436.15, -1642.41, 16.84,   0.00, 0.00, 0.00);
CreateObject(1359, 1438.28, -1633.54, 13.00,   0.00, 0.00, 0.00);
CreateObject(1359, 1520.39, -1633.62, 13.08,   0.00, 0.00, 0.00);
CreateObject(8673, 1509.88, -1599.75, 13.81,   0.00, 0.00, 0.00);
CreateObject(8673, 1489.49, -1599.75, 13.81,   0.00, 0.00, 0.00);
CreateObject(8673, 1469.06, -1599.75, 13.81,   0.00, 0.00, 0.00);
CreateObject(8673, 1448.63, -1599.75, 13.81,   0.00, 0.00, 0.00);
CreateObject(736, 1490.50, -1774.27, 17.25,   0.00, 0.00, 0.00);
CreateObject(736, 1477.66, -1774.01, 16.69,   0.00, 0.00, 0.00);
CreateObject(10377, 1484.23, -1796.70, 28.89,   0.00, 0.00, 89.88);
CreateObject(3850,1526.90002441,-1744.09997559,13.10000038,0.50000000,0.00000000,271.25000000); //object(carshowbann_sfsx) (1)
CreateObject(3850,1523.40002441,-1744.09997559,13.10000038,0.00000000,0.00000000,271.24694824); //object(carshowbann_sfsx) (2)
CreateObject(3850,1520.00000000,-1744.09997559,13.10000038,0.00000000,0.00000000,271.24694824); //object(carshowbann_sfsx) (3)
CreateObject(3850,1530.30004883,-1744.09997559,13.10000038,0.49987793,0.00000000,271.24694824); //object(carshowbann_sfsx) (4)
CreateObject(3850,1533.59997559,-1744.09997559,13.10000038,0.49987793,0.00000000,271.24694824); //object(carshowbann_sfsx) (5)
CreateObject(3850,1537.00000000,-1744.09997559,13.10000038,0.49987793,0.00000000,271.24694824); //object(carshowbann_sfsx) (6)
CreateObject(3850,1540.40002441,-1744.09997559,13.10000038,0.49987793,0.00000000,271.24694824); //object(carshowbann_sfsx) (7)
CreateObject(3850,1543.80004883,-1744.09997559,13.10000038,0.49987793,0.00000000,271.24694824); //object(carshowbann_sfsx) (8)
CreateObject(3850,1547.09997559,-1744.09997559,13.10000038,0.49987793,0.00000000,271.24694824); //object(carshowbann_sfsx) (9)
CreateObject(3850,1550.50000000,-1744.09997559,13.10000038,0.49987793,0.00000000,271.24694824); //object(carshowbann_sfsx) (10)
CreateObject(3850,1553.80004883,-1744.09997559,13.10000038,0.49987793,0.00000000,271.24694824); //object(carshowbann_sfsx) (11)
CreateObject(3850,1556.59997559,-1744.09997559,13.10000038,0.49987793,0.00000000,271.24694824); //object(carshowbann_sfsx) (12)
CreateObject(3850,1558.30004883,-1745.80004883,13.10000038,0.49816895,4.75018311,178.95605469); //object(carshowbann_sfsx) (13)
CreateObject(3850,1558.19995117,-1749.19995117,13.10000038,0.49438477,4.74609375,178.95080566); //object(carshowbann_sfsx) (14)
CreateObject(3850,1558.30004883,-1752.59997559,13.10000038,0.49438477,4.74609375,178.95080566); //object(carshowbann_sfsx) (15)
CreateObject(3850,1558.19995117,-1755.90002441,13.10000038,0.49438477,4.74609375,178.95080566); //object(carshowbann_sfsx) (16)
CreateObject(3850,1558.19995117,-1759.30004883,13.10000038,0.49438477,4.74609375,178.95080566); //object(carshowbann_sfsx) (17)
CreateObject(3850,1558.30004883,-1762.59997559,13.10000038,0.49438477,4.74609375,178.95080566); //object(carshowbann_sfsx) (18)
CreateObject(3850,1558.30004883,-1766.09997559,13.10000038,0.49438477,4.74609375,178.95080566); //object(carshowbann_sfsx) (19)
CreateObject(3850,1558.40002441,-1767.19995117,13.10000038,0.49438477,4.74609375,178.95080566); //object(carshowbann_sfsx) (20)
CreateObject(3850,1556.59997559,-1769.09997559,13.10000038,0.49438477,4.74609375,92.95092773); //object(carshowbann_sfsx) (22)
CreateObject(3850,1553.30004883,-1769.09997559,13.10000038,0.49438477,4.74609375,92.94982910); //object(carshowbann_sfsx) (23)
CreateObject(3850,1550.69995117,-1769.09997559,13.10000038,0.49438477,4.74609375,92.94982910); //object(carshowbann_sfsx) (24)
CreateObject(3850,1548.80004883,-1767.30004883,13.10000038,0.49438477,4.74609375,359.94982910); //object(carshowbann_sfsx) (25)
CreateObject(3850,1548.90002441,-1764.00000000,13.10000038,0.49438477,4.74609375,0.19592285); //object(carshowbann_sfsx) (26)
CreateObject(3850,1549.00000000,-1760.50000000,13.10000038,0.49438477,4.74609375,0.19226074); //object(carshowbann_sfsx) (27)
CreateObject(3850,1549.00000000,-1757.09997559,13.10000038,0.49438477,4.74609375,0.19226074); //object(carshowbann_sfsx) (28)
CreateObject(3850,1549.00000000,-1754.30004883,13.10000038,0.49438477,4.74609375,0.19226074); //object(carshowbann_sfsx) (29)
CreateObject(3850,1548.00000000,-1752.59997559,13.10000038,0.49438477,4.74609375,271.19226074); //object(carshowbann_sfsx) (30)
CreateObject(3850,1544.69995117,-1752.59997559,13.10000038,0.49438477,4.74609375,271.19201660); //object(carshowbann_sfsx) (31)
CreateObject(3850,1541.30004883,-1752.59997559,13.10000038,0.49438477,4.74609375,271.19201660); //object(carshowbann_sfsx) (32)
CreateObject(3850,1537.90002441,-1752.59997559,13.10000038,0.49438477,4.74609375,271.19201660); //object(carshowbann_sfsx) (33)
CreateObject(3850,1534.59997559,-1752.59997559,13.10000038,0.49438477,4.74609375,271.19201660); //object(carshowbann_sfsx) (34)
CreateObject(3850,1531.19995117,-1752.59997559,13.10000038,0.49438477,4.74609375,271.19201660); //object(carshowbann_sfsx) (35)
CreateObject(3850,1527.90002441,-1752.59997559,13.10000038,0.49438477,4.74609375,271.19201660); //object(carshowbann_sfsx) (36)
CreateObject(3850,1524.59997559,-1752.50000000,13.00000000,0.49584961,358.24584961,270.49822998); //object(carshowbann_sfsx) (37)
CreateObject(3850,1521.59997559,-1752.50000000,13.00000000,0.49438477,358.24218750,270.49438477); //object(carshowbann_sfsx) (38)
CreateObject(3850,1518.19995117,-1752.50000000,13.00000000,0.49438477,358.24218750,270.49438477); //object(carshowbann_sfsx) (39)
CreateObject(3850,1514.90002441,-1752.50000000,13.00000000,0.49438477,358.24218750,270.49438477); //object(carshowbann_sfsx) (40)
CreateObject(3850,1512.59997559,-1752.50000000,13.00000000,0.49438477,358.24218750,270.49438477); //object(carshowbann_sfsx) (41)
CreateObject(3850,1510.80004883,-1750.69995117,13.00000000,0.49438477,358.24218750,179.74694824); //object(carshowbann_sfsx) (42)
CreateObject(3850,1510.80004883,-1747.40002441,13.00000000,0.49438477,358.23669434,179.74182129); //object(carshowbann_sfsx) (43)
CreateObject(3850,1510.79980469,-1745.89941406,13.00000000,0.49438477,358.23669434,179.73632812); //object(carshowbann_sfsx) (44)
CreateObject(3850,1516.69995117,-1744.09997559,13.00000000,0.49459839,359.48675537,90.48312378); //object(carshowbann_sfsx) (45)
CreateObject(3850,1513.30004883,-1744.09997559,13.00000000,0.49438477,359.48364258,90.47790527); //object(carshowbann_sfsx) (46)
CreateObject(3850,1512.50000000,-1744.30004883,13.00000000,0.49438477,359.48364258,90.47790527); //object(carshowbann_sfsx) (47)
CreateObject(3850,1449.19995117,-1744.09997559,13.10000038,0.00000000,0.00000000,269.99996948); //object(carshowbann_sfsx) (21)
CreateObject(3850,1445.69995117,-1744.09997559,13.10000038,0.00000000,0.00000000,269.99450684); //object(carshowbann_sfsx) (48)
CreateObject(3850,1442.19995117,-1744.09997559,13.10000038,0.00000000,0.00000000,269.99450684); //object(carshowbann_sfsx) (49)
CreateObject(3850,1438.69995117,-1744.09997559,13.10000038,0.00000000,0.00000000,269.99450684); //object(carshowbann_sfsx) (50)
CreateObject(3850,1435.19995117,-1744.09997559,13.10000038,0.00000000,0.00000000,269.99450684); //object(carshowbann_sfsx) (51)
CreateObject(3850,1431.80004883,-1744.09997559,13.10000038,0.00000000,0.00000000,269.99450684); //object(carshowbann_sfsx) (52)
CreateObject(3850,1428.30004883,-1744.09997559,13.10000038,0.00000000,0.00000000,269.99450684); //object(carshowbann_sfsx) (53)
CreateObject(3850,1424.80004883,-1744.09997559,13.10000038,0.00000000,0.00000000,269.99450684); //object(carshowbann_sfsx) (54)
CreateObject(3850,1421.30004883,-1744.09997559,13.10000038,0.00000000,0.00000000,269.99450684); //object(carshowbann_sfsx) (55)
CreateObject(3850,1417.80004883,-1744.09997559,13.10000038,0.00000000,0.00000000,269.99450684); //object(carshowbann_sfsx) (56)
CreateObject(3850,1414.30004883,-1744.09997559,13.10000038,0.00000000,0.00000000,269.99450684); //object(carshowbann_sfsx) (57)
CreateObject(3850,1410.80004883,-1744.09997559,13.10000038,0.00000000,0.00000000,269.99450684); //object(carshowbann_sfsx) (58)
CreateObject(3850,1407.30004883,-1744.09997559,13.10000038,0.00000000,0.00000000,269.99450684); //object(carshowbann_sfsx) (59)
CreateObject(3850,1403.80004883,-1744.09997559,13.10000038,0.00000000,0.00000000,269.99450684); //object(carshowbann_sfsx) (60)
CreateObject(3850,1403.00000000,-1744.09997559,13.10000038,0.00000000,0.00000000,269.99450684); //object(carshowbann_sfsx) (61)
CreateObject(3850,1401.30004883,-1745.80004883,13.10000038,0.00000000,0.00000000,357.99450684); //object(carshowbann_sfsx) (62)
CreateObject(3850,1401.30004883,-1749.19995117,13.10000038,0.00000000,0.00000000,357.98950195); //object(carshowbann_sfsx) (63)
CreateObject(3850,1401.30004883,-1752.59997559,13.10000038,0.00000000,0.00000000,357.98950195); //object(carshowbann_sfsx) (64)
CreateObject(3850,1401.29980469,-1752.59960938,13.10000038,0.00000000,0.00000000,357.98950195); //object(carshowbann_sfsx) (65)
CreateObject(3850,1401.30004883,-1756.00000000,13.10000038,0.00000000,0.00000000,359.98950195); //object(carshowbann_sfsx) (66)
CreateObject(3850,1401.30004883,-1759.40002441,13.10000038,0.00000000,0.00000000,359.98950195); //object(carshowbann_sfsx) (67)
CreateObject(3850,1401.30004883,-1762.90002441,13.10000038,0.00000000,0.00000000,359.98901367); //object(carshowbann_sfsx) (68)
CreateObject(3850,1401.30004883,-1766.30004883,13.10000038,0.00000000,0.00000000,359.98901367); //object(carshowbann_sfsx) (69)
CreateObject(3850,1401.30004883,-1767.09997559,13.10000038,0.00000000,0.00000000,359.98901367); //object(carshowbann_sfsx) (70)
CreateObject(3850,1403.00000000,-1769.09997559,13.10000038,0.00000000,0.00000000,88.73901367); //object(carshowbann_sfsx) (71)
CreateObject(3850,1406.40002441,-1769.09997559,13.10000038,0.00000000,0.00000000,88.73657227); //object(carshowbann_sfsx) (72)
CreateObject(3850,1408.09997559,-1769.00000000,13.10000038,0.00000000,0.00000000,88.73657227); //object(carshowbann_sfsx) (73)
CreateObject(3850,1409.90002441,-1767.30004883,13.10000038,0.00000000,0.00000000,178.73651123); //object(carshowbann_sfsx) (74)
CreateObject(3850,1409.90002441,-1763.90002441,13.10000038,0.00000000,0.00000000,178.73107910); //object(carshowbann_sfsx) (75)
CreateObject(3850,1409.90002441,-1760.50000000,13.10000038,0.00000000,0.00000000,178.73107910); //object(carshowbann_sfsx) (76)
CreateObject(3850,1409.90002441,-1757.09997559,13.10000038,0.00000000,0.00000000,178.73107910); //object(carshowbann_sfsx) (77)
CreateObject(3850,1409.90002441,-1754.19995117,13.10000038,0.00000000,0.00000000,178.73107910); //object(carshowbann_sfsx) (78)
CreateObject(3850,1411.50000000,-1752.59997559,13.10000038,0.00000000,0.00000000,88.73104858); //object(carshowbann_sfsx) (79)
CreateObject(3850,1415.00000000,-1752.59997559,13.10000038,0.00000000,0.00000000,88.72558594); //object(carshowbann_sfsx) (80)
CreateObject(3850,1418.50000000,-1752.59997559,13.10000038,0.00000000,0.00000000,88.72558594); //object(carshowbann_sfsx) (81)
CreateObject(3850,1421.90002441,-1752.59997559,13.10000038,0.00000000,0.00000000,88.72558594); //object(carshowbann_sfsx) (82)
CreateObject(3850,1425.30004883,-1752.59997559,13.10000038,0.00000000,0.00000000,88.72558594); //object(carshowbann_sfsx) (83)
CreateObject(3850,1428.69995117,-1752.59997559,13.10000038,0.00000000,0.00000000,88.72558594); //object(carshowbann_sfsx) (84)
CreateObject(3850,1432.09997559,-1752.59997559,13.10000038,0.00000000,0.00000000,88.72558594); //object(carshowbann_sfsx) (85)
CreateObject(3850,1435.50000000,-1752.59997559,13.10000038,0.00000000,0.00000000,88.72558594); //object(carshowbann_sfsx) (86)
CreateObject(3850,1438.90002441,-1752.59997559,13.10000038,0.00000000,0.00000000,88.72558594); //object(carshowbann_sfsx) (87)
CreateObject(3850,1442.30004883,-1752.59997559,13.10000038,0.00000000,0.00000000,88.72558594); //object(carshowbann_sfsx) (88)
CreateObject(3850,1445.80004883,-1752.59997559,13.10000038,0.00000000,0.00000000,88.72558594); //object(carshowbann_sfsx) (89)
CreateObject(3850,1449.30004883,-1752.59997559,13.10000038,0.00000000,0.00000000,88.72558594); //object(carshowbann_sfsx) (90)
CreateObject(3850,1451.09997559,-1750.90002441,13.10000038,0.00000000,0.00000000,179.47558594); //object(carshowbann_sfsx) (91)
CreateObject(3850,1451.09997559,-1747.40002441,13.10000038,0.00000000,0.00000000,179.47265625); //object(carshowbann_sfsx) (92)
CreateObject(3850,1451.09997559,-1745.80004883,13.10000038,0.00000000,0.00000000,179.47265625); //object(carshowbann_sfsx) (93)
CreateObject(4003, 1484.23, -1776.88, 22.42,   0.00, 0.00, 0.00);
