CreateObject(1434, 373.58, -2029.68, 6.72, 0.00, 0.00, 0.00);
CreateObject(1434, 371.64, -2029.68, 6.74, 0.00, 0.00, 0.00);
CreateObject(1434, 366.16, -2023.96, 6.72, 0.00, 0.00, 0.00);
CreateObject(1434, 368.16, -2023.98, 6.77, 0.00, 0.00, 0.00);
CreateObject(1434, 373.50, -2017.51, 6.74, 0.00, 0.00, 0.00);
CreateObject(1434, 371.45, -2017.47, 6.72, 0.00, 0.00, 0.00);
CreateObject(1434, 366.07, -2010.97, 6.72, 0.00, 0.00, 0.00);
CreateObject(1434, 368.24, -2010.99, 6.74, 0.00, 0.00, 0.00);
CreateObject(1434, 373.55, -2004.17, 6.74, 0.00, 0.00, 0.00);
CreateObject(1434, 371.47, -2004.15, 6.72, 0.00, 0.00, 0.00);
CreateObject(1434, 366.08, -1995.77, 6.72, 0.00, 0.00, 0.00);
CreateObject(1434, 368.52, -1995.77, 6.74, 0.00, 0.00, 0.00);
CreateObject(1434, 373.57, -1988.17, 6.72, 0.00, 0.00, 0.00);
CreateObject(1434, 371.39, -1988.12, 6.72, 0.00, 0.00, 0.00);
CreateObject(1434, 373.60, -1980.82, 6.72, 0.00, 0.00, 0.00);
CreateObject(1434, 372.30, -1980.82, 6.72, 0.00, 0.00, 0.00);
CreateObject(1434, 370.99, -1980.82, 6.72, 0.00, 0.00, 0.00);
CreateObject(1434, 370.35, -1980.83, 6.72, 0.00, 0.00, 0.00);
CreateObject(979, 371.39, -1976.50, 7.44, 0.00, 0.00, 67.50);
CreateObject(978, 365.91, -1975.33, 7.44, 0.00, 0.00, -112.50);
CreateObject(978, 372.25, -1967.74, 7.44, 0.00, 0.00, -78.75);
CreateObject(978, 366.25, -1966.75, 7.46, 0.00, 0.00, -72.66);
CreateObject(978, 366.51, -1958.21, 7.44, 0.00, 0.00, -112.50);
CreateObject(978, 373.12, -1958.91, 7.39, 0.00, 0.00, -112.50);
CreateObject(978, 373.15, -1950.37, 7.44, 0.00, 0.00, -67.50);
CreateObject(978, 366.38, -1949.80, 7.46, 0.00, 0.00, -67.50);
CreateObject(978, 366.44, -1941.09, 7.44, 0.00, 0.00, -112.50);
CreateObject(978, 373.95, -1942.39, 7.52, 0.86, 0.86, -123.75);
CreateObject(1225, 367.78, -1924.52, 6.93, 0.00, 0.00, 0.00);
CreateObject(1225, 372.07, -1915.18, 6.98, 0.00, 0.00, 0.00);
CreateObject(1225, 370.14, -1914.35, 6.98, 0.00, 0.00, 0.00);
CreateObject(1225, 367.80, -1903.44, 6.98, 0.00, 0.00, 0.00);
CreateObject(1225, 371.84, -1886.93, 6.97, 0.00, 0.00, 0.00);
CreateObject(1225, 365.76, -1843.04, 6.98, 0.00, 0.00, 0.00);
CreateObject(1225, 367.27, -1843.01, 7.00, 0.00, 0.00, 0.00);
CreateObject(1225, 373.79, -1843.37, 6.98, 0.00, 0.00, 0.00);
CreateObject(1225, 372.64, -1843.36, 7.00, 0.00, 0.00, 0.00);
CreateObject(5005, 375.86, -1967.13, 9.31, 0.00, 0.00, -90.00);
CreateObject(5005, 375.87, -1881.99, 9.33, 0.00, 0.00, -90.00);
CreateObject(5005, 363.73, -1967.15, 9.31, 0.00, 0.00, -90.00);
CreateObject(5005, 363.77, -1882.15, 9.29, 0.00, 0.00, -90.00);
CreateObject(987, 375.76, -2050.40, 6.66, 0.00, 0.00, -180.00);
CreateObject(987, 386.93, -1808.81, 6.67, 0.00, 0.00, -208.52);
CreateObject(988, 361.92, -1805.00, 7.55, 0.00, 0.86, -225.08);
CreateObject(988, 379.98, -1804.32, 7.50, 0.00, 0.00, -90.00);
CreateObject(1633, 368.05, -1809.42, 7.65, 0.00, 0.00, 0.00);
CreateObject(1633, 372.17, -1809.39, 7.65, 0.00, 0.00, 0.00);
CreateObject(18609, -25.61, -1243.27, 7.63, 0.00, -360.96, 0.00);
CreateObject(18569, -32.79, -1245.86, 7.41, 0.00, -5.16, 0.00);
CreateObject(18569, -27.33, -1233.63, 6.91, 0.00, -0.86, -78.75);
CreateObject(18568, -24.80, -1245.47, 7.49, 0.00, 0.00, -45.00);
CreateObject(18567, -12.37, -1240.57, 7.09, 0.00, 0.00, 0.00);
CreateObject(18367, 0.20, -1247.21, 5.30, -12.03, -176.18, -191.25);
CreateObject(791, -24.27, -1262.81, 1.48, 0.00, 0.00, 0.00);
CreateObject(791, -2.09, -1212.29, 4.89, 0.00, 0.00, -33.75);
CreateObject(791, -58.61, -1268.43, 0.71, 0.00, 0.00, 0.00);
CreateObject(3403, -20.21, -1222.25, 8.70, 0.00, 0.00, -135.00);
CreateObject(3403, -28.68, -1231.03, 8.73, 0.00, 0.00, -135.00);
CreateObject(3403, -37.22, -1239.56, 8.32, 0.00, 0.00, 222.90);
CreateObject(3252, -46.42, -1252.34, 5.73, 0.00, 0.00, 0.00);
CreateObject(3403, -43.07, -1233.14, 7.79, 0.00, 0.00, 45.00);
CreateObject(17039, -41.49, -1356.82, 0.11, 0.00, 0.00, -326.25);
CreateObject(18566, -42.86, -1357.78, 1.86, 0.00, -10.31, -56.25);
CreateObject(18566, -29.10, -1360.67, 3.35, 0.00, -9.45, -90.00);
CreateObject(18566, -45.64, -1346.38, 1.96, 0.00, 0.00, -78.75);
CreateObject(18566, -39.01, -1344.15, 2.12, 0.00, -4.30, -258.75);
CreateObject(1237, 336.00, -2002.48, -0.34, 0.00, 0.00, 0.00);
CreateObject(1237, 335.92, -2004.06, -0.28, 0.00, 0.00, 0.00);
CreateObject(1237, 335.94, -2005.79, -0.25, 0.00, 0.00, 0.00);
CreateObject(1237, 335.89, -2007.68, -0.26, 0.00, 0.00, 0.00);
CreateObject(1237, 335.88, -2009.56, -0.31, 0.00, 0.00, 0.00);
CreateObject(1237, 335.88, -2011.49, -0.34, 0.00, 0.00, 0.00);
CreateObject(11496, 327.75, -2014.94, 0.09, 0.00, 0.00, -90.00);
CreateObject(1237, 327.90, -2011.52, -0.26, 0.00, 0.00, 0.00);
CreateObject(1237, 327.86, -2009.92, -0.28, 0.00, 0.00, 0.00);
CreateObject(1237, 327.83, -2008.28, -0.27, 0.00, 0.00, 0.00);
CreateObject(1237, 327.82, -2006.51, -0.25, 0.00, 0.00, 0.00);
CreateObject(11496, 311.86, -2014.91, 0.11, 0.00, 0.00, -90.00);
CreateObject(11496, 302.07, -2014.93, 0.11, 0.00, 0.00, -89.92);
CreateObject(1237, 319.62, -2011.65, -0.30, 0.00, 0.00, 0.00);
CreateObject(1237, 319.63, -2009.63, -0.30, 0.00, 0.00, 0.00);
CreateObject(1237, 319.58, -2008.01, -0.32, 0.00, 0.00, 0.00);
CreateObject(1237, 319.60, -2006.46, -0.30, 0.00, 0.00, 0.00);
CreateObject(1237, 312.51, -2011.62, -0.28, 0.00, 0.00, 0.00);
CreateObject(1237, 312.51, -2009.88, -0.30, 0.00, 0.00, 0.00);
CreateObject(1237, 312.53, -2008.27, -0.30, 0.00, 0.00, 0.00);
CreateObject(1237, 312.53, -2006.45, -0.30, 0.00, 0.00, 0.00);
CreateObject(1237, 305.28, -2011.72, -0.31, 0.00, 0.00, 0.00);
CreateObject(1237, 305.19, -2010.00, -0.32, 0.00, 0.00, 0.00);
CreateObject(1237, 305.24, -2008.36, -0.29, 0.00, 0.00, 0.00);
CreateObject(1237, 305.20, -2006.60, -0.31, 0.00, 0.00, 0.00);
CreateObject(1237, 294.47, -2011.64, -0.31, 0.00, 0.00, 0.00);
CreateObject(1237, 294.47, -2010.19, -0.33, 0.00, 0.00, 0.00);
CreateObject(1237, 294.47, -2008.56, -0.35, 0.00, 0.00, 0.00);
CreateObject(1237, 294.49, -2006.82, -0.32, 0.00, 0.00, 0.00);
CreateObject(1237, 294.51, -2004.92, -0.29, 0.00, 0.00, 0.00);
CreateObject(1237, 294.54, -2003.08, -0.31, 0.00, 0.00, 0.00);
CreateObject(1605, 331.39, -2009.61, -1.09, 0.00, 0.00, -45.00);
CreateObject(1601, 323.53, -2008.64, -0.44, 0.00, 0.00, 45.00);
CreateObject(1606, 312.81, -2008.36, -0.69, 0.00, 0.00, -78.75);
CreateObject(1606, 304.14, -2006.90, -0.58, 0.00, 0.00, -90.00);
CreateObject(1605, 296.58, -2009.61, -0.54, 0.00, 0.00, 103.06);
CreateObject(1256, 294.68, -2015.81, 0.92, 0.00, 0.00, -180.00);
CreateObject(1256, 305.03, -2017.82, 0.92, 0.00, 0.00, -90.00);
CreateObject(1256, 316.86, -2017.89, 0.92, 0.00, 0.00, -90.00);
CreateObject(1256, 328.45, -2017.86, 0.93, 0.00, 0.00, -90.00);
CreateObject(1256, 335.14, -2015.62, 0.88, 0.00, 0.00, 0.00);
CreateObject(1281, 323.36, -2015.51, 1.09, 0.00, 0.00, 0.00);
CreateObject(1281, 299.99, -2015.47, 1.11, 0.00, 0.00, 0.00);
CreateObject(1483, 331.99, -2011.02, 1.64, 0.00, 0.00, 90.00);
CreateObject(1483, 323.77, -2011.03, 1.66, 0.00, 0.00, 90.00);
CreateObject(1483, 315.90, -2011.03, 1.62, 0.00, 0.00, 90.00);
CreateObject(1483, 308.59, -2011.02, 1.63, 0.00, 0.00, 90.00);
CreateObject(1483, 299.97, -2011.03, 1.63, 0.00, 0.00, 90.00);
CreateObject(12986, -123.65, -112.25, 3.64, 0.00, 0.00, 348.00);
CreateObject(1324, -2332.85, -1819.92, 436.06, 0.00, 0.00, 44.00);
CreateObject(3187, -2313.43, -1656.40, 486.76, 0.00, 0.00, 296.00);
CreateObject(14826, -2312.87, -1663.79, 482.90, 0.00, 0.00, 206.00);
CreateObject(10955, 1924.84, -587.86, 59.76, 38.67, 0.00, 193.01);
CreateObject(10955, 1924.89, -587.68, 59.65, 0.00, 38.67, 103.01);
CreateObject(10955, 1923.91, -583.16, 65.47, 0.00, 218.55, 103.01);
CreateObject(10955, 1923.72, -583.44, 65.50, -141.33, 0.00, 193.01);
CreateObject(791, 1942.61, -572.14, 6.95, 40.39, 8.59, 0.00);
CreateObject(791, 1985.91, -567.11, 20.68, 55.00, 8.59, -12.89);
CreateObject(791, 1988.25, -578.39, 30.04, 42.11, 8.59, 39.53);
CreateObject(791, 1972.19, -621.66, 53.51, 29.22, 0.00, 39.53);
CreateObject(3461, 1950.36, -395.64, 21.64, 0.00, 0.00, 0.00);
CreateObject(791, 1937.66, -635.91, 53.51, 29.22, 0.00, 39.53);
CreateObject(2933, 1283.02, -1722.25, 14.26, 0.00, 0.00, 0.00);
CreateObject(2933, 1274.52, -1722.27, 14.26, 0.00, 0.00, 0.00);
CreateObject(2933, 1265.78, -1722.26, 14.26, 0.00, 0.00, 0.00);
CreateObject(2933, 1257.27, -1722.27, 14.26, 0.00, 0.00, 0.00);
CreateObject(2933, 1249.77, -1722.29, 14.26, 0.00, 0.00, 0.00);
CreateObject(2933, 1241.32, -1722.30, 14.26, 0.00, 0.00, 0.00);
CreateObject(2933, 1233.07, -1722.30, 14.26, 0.00, 0.00, 0.00);
CreateObject(2933, 1224.30, -1722.29, 14.26, 0.00, 0.00, 0.00);
CreateObject(2933, 1215.80, -1722.28, 14.26, 0.00, 0.00, 0.00);
CreateObject(2933, 1207.55, -1722.27, 14.26, 0.00, 0.00, 0.00);
CreateObject(2933, 1198.99, -1722.26, 14.26, 0.00, 0.00, 0.00);
CreateObject(2933, 1194.24, -1722.18, 14.26, 0.00, 0.00, 0.00);
CreateObject(2933, 1189.83, -1726.57, 14.26, 0.00, 0.00, 90.00);
CreateObject(2933, 1189.84, -1733.83, 14.26, 0.00, 0.00, 90.00);
CreateObject(2933, 1189.83, -1742.58, 14.26, 0.00, 0.00, 90.00);
CreateObject(2933, 1189.82, -1751.08, 14.26, 0.00, 0.00, 90.00);
CreateObject(2933, 1189.73, -1758.84, 14.26, 0.00, 0.00, 90.00);
CreateObject(2933, 1189.73, -1767.29, 14.26, 0.00, 0.00, 90.00);
CreateObject(2933, 1189.72, -1776.01, 14.26, 0.00, 0.00, 90.00);
CreateObject(2933, 1189.73, -1782.78, 14.26, 0.00, 0.00, 90.00);
CreateObject(2933, 1189.88, -1820.76, 14.26, 0.00, 0.00, 90.00);
CreateObject(2933, 1189.87, -1812.26, 14.26, 0.00, 0.00, 90.00);
CreateObject(2933, 1189.88, -1827.60, 14.26, 0.00, 0.00, 90.00);
CreateObject(2933, 1189.88, -1836.33, 14.26, 0.00, 0.00, 90.00);
CreateObject(2933, 1189.96, -1837.94, 14.26, 0.00, 0.00, 90.00);
CreateObject(2933, 1194.18, -1842.26, 14.26, 0.00, 0.00, 180.00);
CreateObject(3749, 1213.65, -1842.28, 18.24, 0.00, 0.00, 0.00);
CreateObject(2933, 1201.45, -1842.23, 14.26, 0.00, 0.00, 179.99);
CreateObject(2933, 1224.86, -1842.08, 14.26, 0.00, 0.00, 179.99);
CreateObject(2933, 1232.85, -1842.08, 14.26, 0.00, 0.00, 179.99);
CreateObject(2933, 1241.13, -1842.08, 14.26, 0.00, 0.00, 179.99);
CreateObject(2933, 1249.14, -1842.08, 14.26, 0.00, 0.00, 179.99);
CreateObject(2933, 1255.88, -1842.08, 14.26, 0.00, 0.00, 179.99);
CreateObject(3749, 1270.02, -1842.15, 18.26, 0.00, 0.00, 0.00);
CreateObject(2933, 1283.11, -1841.96, 14.26, 0.00, 0.00, 179.99);
CreateObject(2933, 1287.45, -1831.75, 14.26, 0.00, 0.00, 269.99);
CreateObject(2933, 1287.47, -1837.72, 14.26, 0.00, 0.00, 269.99);
CreateObject(2933, 1287.45, -1823.69, 14.26, 0.00, 0.00, 269.99);
CreateObject(2933, 1287.45, -1815.19, 14.26, 0.00, 0.00, 269.99);
CreateObject(2933, 1287.42, -1807.19, 14.26, 0.00, 0.00, 269.99);
CreateObject(2933, 1287.41, -1798.67, 14.26, 0.00, 0.00, 269.99);
CreateObject(2933, 1287.42, -1790.42, 14.26, 0.00, 0.00, 269.99);
CreateObject(2933, 1287.40, -1781.92, 14.26, 0.00, 0.00, 269.99);
CreateObject(2933, 1287.37, -1773.68, 14.26, 0.00, 0.00, 269.99);
CreateObject(2933, 1287.37, -1765.18, 14.26, 0.00, 0.00, 269.99);
CreateObject(2933, 1287.38, -1757.18, 14.26, 0.00, 0.00, 269.99);
CreateObject(2933, 1287.39, -1748.93, 14.26, 0.00, 0.00, 269.99);
CreateObject(2933, 1287.39, -1740.18, 14.26, 0.00, 0.00, 269.99);
CreateObject(2933, 1287.43, -1731.65, 14.26, 0.00, 0.00, 269.99);
CreateObject(2933, 1287.42, -1726.38, 14.26, 0.00, 0.00, 269.99);
CreateObject(2717, 1225.90, -1811.35, 16.76, 0.00, 0.00, 0.00);
CreateObject(2692, 1211.11, -1820.72, 13.34, 0.00, 0.00, 0.00);
CreateObject(1337, 1207.47, -1820.23, 12.85, 0.00, 0.00, 0.00);
CreateObject(2114, 1264.07, -1797.06, 12.56, 0.00, 0.00, 0.00);
CreateObject(9123, 1252.18, -1789.96, 18.74, 0.00, 0.00, 0.00);
CreateObject(947, 1263.61, -1790.17, 14.81, 0.00, 0.00, 180.00);
CreateObject(1423, 1279.23, -1781.28, 13.29, 0.00, 0.00, 346.00);
CreateObject(1423, 1282.16, -1782.09, 13.29, 0.00, 0.00, 346.00);
CreateObject(1423, 1279.34, -1780.28, 13.29, 0.00, 0.00, 26.00);
CreateObject(1423, 1281.98, -1779.05, 13.29, 0.00, 0.00, 25.99);
CreateObject(1423, 1280.48, -1780.71, 13.29, 0.00, 0.00, 95.99);
CreateObject(1423, 1281.54, -1777.82, 13.29, 0.00, 0.00, 2.00);
CreateObject(1423, 1279.29, -1777.84, 13.29, 0.00, 0.00, 1.99);
CreateObject(1423, 1278.87, -1776.80, 13.29, 0.00, 0.00, 55.99);
CreateObject(1423, 1280.61, -1776.26, 13.29, 0.00, 0.00, 331.99);
CreateObject(1423, 1281.87, -1776.99, 13.29, 0.00, 0.00, 325.99);
CreateObject(1423, 1278.93, -1774.61, 13.29, 0.00, 0.00, 1.99);
CreateObject(1423, 1281.19, -1774.61, 13.29, 0.00, 0.00, 1.99);
CreateObject(1423, 1281.00, -1772.87, 13.29, 0.00, 0.00, 1.99);
CreateObject(1423, 1279.00, -1772.87, 13.29, 0.00, 0.00, 1.99);
CreateObject(1423, 1278.54, -1771.92, 13.29, 0.00, 0.00, 47.99);
CreateObject(1423, 1280.36, -1771.44, 13.29, 0.00, 0.00, 327.99);
CreateObject(1423, 1281.12, -1771.92, 13.29, 0.00, 0.00, 327.99);
CreateObject(1423, 1278.88, -1769.59, 13.29, 0.00, 0.00, 346.00);
CreateObject(1423, 1281.32, -1770.29, 13.29, 0.00, 0.00, 346.00);
CreateObject(1423, 1278.89, -1768.54, 13.29, 0.00, 0.00, 20.00);
CreateObject(1423, 1281.35, -1767.71, 13.29, 0.00, 0.00, 20.00);
CreateObject(1423, 1280.40, -1768.99, 13.29, 0.00, 0.00, 92.00);
CreateObject(1423, 1278.04, -1764.16, 13.29, 0.00, 0.00, 90.00);
CreateObject(1423, 1278.87, -1766.31, 13.29, 0.00, 0.00, 137.99);
CreateObject(1423, 1279.55, -1765.71, 13.29, 0.00, 0.00, 259.99);
CreateObject(1423, 1279.97, -1764.53, 13.29, 0.00, 0.00, 237.99);
CreateObject(1423, 1281.31, -1764.64, 13.29, 0.00, 0.00, 121.99);
CreateObject(1423, 1281.94, -1765.79, 13.29, 0.00, 0.00, 89.99);
CreateObject(2921, 1554.18, -1679.20, 18.54, 0.00, 0.00, 0.00);
CreateObject(3280, 1554.80, -1675.61, 15.20, 0.00, 0.00, 0.00);
CreateObject(3522, 1513.37, -1665.04, 12.88, 0.00, 0.00, 90.00);
CreateObject(3808, 1555.38, -1674.15, 16.41, 0.00, 0.00, 268.00);
CreateObject(4642, 1541.23, -1721.35, 14.25, 0.00, 0.00, 0.00);
CreateObject(2774, 1462.71, -1664.47, 26.13, 0.00, 0.00, 0.00);
CreateObject(3526, 1478.32, -1732.31, 12.66, 0.00, 0.00, 180.00);
CreateObject(3526, 1481.61, -1732.29, 12.66, 0.00, 0.00, 179.99);
CreateObject(3526, 1447.69, -1732.30, 12.66, 0.00, 0.00, 359.99);
CreateObject(3526, 1475.11, -1732.33, 12.66, 0.00, 0.00, 179.99);
CreateObject(3526, 1450.87, -1732.28, 12.66, 0.00, 0.00, 359.99);
CreateObject(3526, 1454.18, -1732.29, 12.66, 0.00, 0.00, 359.99);
CreateObject(3526, 1967.22, -1463.40, 12.46, 0.00, 0.00, 179.99);
CreateObject(3526, 1970.63, -1463.40, 12.46, 0.00, 0.00, 179.99);
CreateObject(3526, 1974.23, -1463.39, 12.47, 0.00, 0.00, 179.99);
CreateObject(3526, 1959.59, -1463.39, 12.46, 0.00, 0.00, 1.99);
CreateObject(3526, 1956.20, -1463.38, 12.45, 0.00, 0.00, 359.99);
CreateObject(3526, 1952.88, -1463.39, 12.45, 0.00, 0.00, 359.99);
CreateObject(3526, 1200.98, -1343.00, 12.47, 0.00, 0.00, 91.99);
CreateObject(3526, 1201.01, -1325.12, 12.47, 0.00, 0.00, 269.99);
CreateObject(3526, 1201.02, -1321.66, 12.47, 0.00, 0.00, 269.99);
CreateObject(3526, 1201.02, -1328.67, 12.47, 0.00, 0.00, 269.99);
CreateObject(3526, 1110.76, -1712.26, 12.45, 0.00, 0.00, 359.99);
CreateObject(3526, 1201.02, -1339.48, 12.47, 0.00, 0.00, 91.99);
CreateObject(3526, 1201.00, -1335.65, 12.47, 0.00, 0.00, 91.99);
CreateObject(3526, 1106.77, -1712.25, 12.45, 0.00, 0.00, 359.98);
CreateObject(3526, 1102.70, -1712.26, 12.45, 0.00, 0.00, 359.98);
CreateObject(3526, 1126.12, -1712.28, 12.45, 0.00, 0.00, 179.98);
CreateObject(3526, 1118.23, -1712.26, 12.45, 0.00, 0.00, 179.98);
CreateObject(3526, 1122.21, -1712.27, 12.45, 0.00, 0.00, 179.98);
CreateObject(1363, 1519.21, -1723.89, 13.38, 0.00, 0.00, 0.00);
CreateObject(1694, 1499.51, -1571.28, 75.00, 0.00, 0.00, 180.00);
CreateObject(3934, 1565.52, -1648.74, 27.40, 0.00, 0.00, 0.00);
CreateObject(3934, 1565.75, -1702.44, 27.39, 0.00, 0.00, 0.00);
CreateObject(3934, 1565.52, -1648.74, 27.40, 0.00, 0.00, 0.00);
CreateObject(779, 1418.70, -1718.65, 12.55, 0.00, 0.00, 0.00);
CreateObject(776, 1445.91, -1665.31, 12.55, 0.00, 0.00, 0.00);
CreateObject(771, 1458.32, -1703.40, 13.55, 0.00, 0.00, 0.00);
CreateObject(771, 1475.46, -1664.15, 13.55, 0.00, 0.00, 0.00);
CreateObject(735, 1305.99, -1551.59, 10.80, 0.00, 0.00, 0.00);
CreateObject(3281, 2624.65, -2229.83, 13.57, 0.00, 0.00, 90.00);
CreateObject(16002, 2618.13, -2234.77, 12.55, 0.00, 0.00, 0.00);
CreateObject(16002, 2618.66, -2219.27, 12.55, 0.00, 0.00, 0.00);
CreateObject(1237, 2600.70, -2219.73, 12.55, 0.00, 0.00, 0.00);
CreateObject(1237, 2609.79, -2233.77, 12.55, 0.00, 0.00, 0.00);
CreateObject(1237, 2596.34, -2234.45, 12.55, 0.00, 0.00, 0.00);
CreateObject(1237, 2585.30, -2220.36, 12.55, 0.00, 0.00, 0.00);
CreateObject(1237, 2575.87, -2233.88, 12.55, 0.00, 0.00, 0.00);
CreateObject(1237, 2533.94, -2232.41, 12.55, 0.00, 0.00, 0.00);
CreateObject(1237, 2566.14, -2220.78, 12.55, 0.00, 0.00, 0.00);
CreateObject(1237, 2559.00, -2235.09, 12.55, 0.00, 0.00, 0.00);
CreateObject(1237, 2546.00, -2220.40, 12.55, 0.00, 0.00, 0.00);
CreateObject(1237, 2495.36, -2218.80, 12.55, 0.00, 0.00, 0.00);
CreateObject(1237, 2516.76, -2220.38, 12.55, 0.00, 0.00, 0.00);
CreateObject(1237, 2507.05, -2233.27, 12.55, 0.00, 0.00, 0.00);
CreateObject(1237, 2461.42, -2218.68, 12.55, 0.00, 0.00, 0.00);
CreateObject(1237, 2395.44, -2258.29, 12.55, 0.00, 0.00, 0.00);
CreateObject(1237, 2445.52, -2235.70, 12.55, 0.00, 0.00, 0.00);
CreateObject(1237, 2485.80, -2234.18, 12.55, 0.00, 0.00, 0.00);
CreateObject(1237, 2482.66, -2219.51, 12.55, 0.00, 0.00, 0.00);
CreateObject(1237, 2473.83, -2233.84, 12.55, 0.00, 0.00, 0.00);
CreateObject(1237, 2420.76, -2231.18, 12.55, 0.00, 0.00, 0.00);
CreateObject(1237, 2422.25, -2249.56, 12.55, 0.00, 0.00, 0.00);
CreateObject(1237, 2278.42, -2392.84, 12.55, 0.00, 0.00, 0.00);
CreateObject(1237, 2392.51, -2278.77, 12.55, 0.00, 0.00, 0.00);
CreateObject(1237, 2380.46, -2272.41, 12.55, 0.00, 0.00, 0.00);
CreateObject(1237, 2362.70, -2309.16, 12.55, 0.00, 0.00, 0.00);
CreateObject(1237, 2313.19, -2337.87, 12.55, 0.00, 0.00, 0.00);
CreateObject(1237, 2311.77, -2360.22, 12.55, 0.00, 0.00, 0.00);
CreateObject(1237, 2290.01, -2363.31, 12.55, 0.00, 0.00, 0.00);
CreateObject(1237, 2257.20, -2394.63, 12.55, 0.00, 0.00, 0.00);
CreateObject(1237, 2258.66, -2412.02, 12.55, 0.00, 0.00, 0.00);
CreateObject(1237, 2230.80, -2449.16, 12.55, 0.00, 0.00, 0.00);
CreateObject(1237, 2228.68, -2424.44, 12.55, 0.00, 0.00, 0.00);
CreateObject(1237, 2218.55, -2477.84, 12.55, 0.00, 0.00, 0.00);
CreateObject(1237, 2231.74, -2504.54, 12.55, 0.00, 0.00, 0.00);
CreateObject(1237, 2218.09, -2531.97, 12.55, 0.00, 0.00, 0.00);
CreateObject(1237, 2232.09, -2562.40, 12.55, 0.00, 0.00, 0.00);
CreateObject(1237, 2218.68, -2592.65, 12.55, 0.00, 0.00, 0.00);
CreateObject(1237, 2231.95, -2626.39, 12.55, 0.00, 0.00, 0.00);
CreateObject(1237, 2221.26, -2657.05, 12.56, 0.00, 0.00, 0.00);
CreateObject(1237, 2231.81, -2643.44, 12.55, 0.00, 0.00, 0.00);
CreateObject(1237, 2247.66, -2669.88, 12.56, 0.00, 0.00, 0.00);
CreateObject(1237, 2218.48, -2634.80, 12.55, 0.00, 0.00, 0.00);
CreateObject(1237, 2262.48, -2656.12, 12.56, 0.00, 0.00, 0.00);
CreateObject(1237, 2363.30, -2668.34, 12.66, 0.00, 0.00, 0.00);
CreateObject(1237, 2407.96, -2656.62, 12.66, 0.00, 0.00, 0.00);
CreateObject(1237, 2477.24, -2665.81, 12.65, 0.00, 0.00, 0.00);
CreateObject(1237, 2541.95, -2510.44, 12.67, 0.00, 0.00, 0.00);
CreateObject(1237, 2477.99, -2624.39, 12.65, 0.00, 0.00, 0.00);
CreateObject(1237, 2490.74, -2582.03, 12.65, 0.00, 0.00, 0.00);
CreateObject(1237, 2479.15, -2553.63, 12.67, 0.00, 0.00, 0.00);
CreateObject(1237, 2494.50, -2523.39, 12.65, 0.00, 0.00, 0.00);
CreateObject(1237, 2515.54, -2498.17, 12.66, 0.00, 0.00, 0.00);
CreateObject(1237, 2591.79, -2498.38, 12.66, 0.00, 0.00, 0.00);
CreateObject(1237, 2624.85, -2509.56, 12.66, 0.00, 0.00, 0.00);
CreateObject(1237, 2673.28, -2495.63, 12.66, 0.00, 0.00, 0.00);
CreateObject(1237, 2690.95, -2445.67, 12.63, 0.00, 0.00, 0.00);
CreateObject(1237, 2690.57, -2480.19, 12.65, 0.00, 0.00, 0.00);
CreateObject(1237, 2676.98, -2466.90, 12.64, 0.00, 0.00, 0.00);
CreateObject(1237, 2677.25, -2398.33, 12.63, 0.00, 0.00, 0.00);
CreateObject(1237, 2676.58, -2417.65, 12.63, 0.00, 0.00, 0.00);
CreateObject(1237, 2601.35, -2412.88, 12.63, 0.00, 0.00, 0.00);
CreateObject(1237, 2657.13, -2411.59, 12.63, 0.00, 0.00, 0.00);
CreateObject(1237, 2623.83, -2397.63, 12.63, 0.00, 0.00, 0.00);
CreateObject(1237, 2587.10, -2396.51, 12.56, 0.00, 0.00, 0.00);
CreateObject(1237, 2597.23, -2416.35, 12.64, 0.00, 0.00, 0.00);
CreateObject(1237, 2569.79, -2408.57, 12.64, 0.00, 0.00, 0.00);
CreateObject(1237, 2482.49, -2406.28, 12.63, 0.00, 0.00, 0.00);
CreateObject(1237, 2550.65, -2371.65, 12.64, 0.00, 0.00, 0.00);
CreateObject(1237, 2538.34, -2382.05, 12.63, 0.00, 0.00, 0.00);
CreateObject(1237, 2512.91, -2379.00, 12.63, 0.00, 0.00, 0.00);
CreateObject(1237, 2511.77, -2399.37, 12.63, 0.00, 0.00, 0.00);
CreateObject(1237, 2480.86, -2429.27, 12.63, 0.00, 0.00, 0.00);
CreateObject(1237, 2447.09, -2440.44, 12.65, 0.00, 0.00, 0.00);
CreateObject(1237, 2408.68, -2415.52, 12.54, 0.00, 0.00, 0.00);
CreateObject(1237, 2423.01, -2449.21, 12.64, 0.00, 0.00, 0.00);
CreateObject(1237, 2385.33, -2410.54, 12.54, 0.00, 0.00, 0.00);
CreateObject(1237, 2374.15, -2381.13, 12.54, 0.00, 0.00, 0.00);
CreateObject(1237, 2362.66, -2370.54, 12.54, 0.00, 0.00, 0.00);
CreateObject(16002, 2337.62, -2363.20, 12.55, 0.00, 0.00, 264.00);
CreateObject(1612, 2638.36, -2268.70, 3.13, 0.00, 0.00, 0.00);
CreateObject(3578, 2733.79, -2248.24, 35.45, 0.00, 60.00, 0.00);
CreateObject(3578, 2716.97, -2248.31, 16.19, 0.00, 300.00, 0.00);
CreateObject(3578, 2725.34, -2248.23, 30.65, 0.00, 300.00, 0.00);
CreateObject(3578, 2719.80, -2248.28, 21.05, 0.00, 300.00, 0.00);
CreateObject(3578, 2722.53, -2248.30, 25.63, 0.00, 300.00, 0.00);
CreateObject(3578, 2744.79, -2248.33, 16.19, 0.00, 60.00, 0.00);
CreateObject(3578, 2741.95, -2248.28, 21.10, 0.00, 60.00, 0.00);
CreateObject(3578, 2739.21, -2248.35, 25.99, 0.00, 60.00, 0.00);
CreateObject(3578, 2727.91, -2248.21, 35.20, 0.00, 300.00, 0.00);
CreateObject(3578, 2736.40, -2248.37, 30.75, 0.00, 60.00, 0.00);
CreateObject(3578, 2728.26, -2248.48, 28.01, 0.00, 0.00, 0.00);
CreateObject(3578, 2733.51, -2248.43, 28.01, 0.00, 0.00, 0.00);
CreateObject(3578, 2782.65, -2332.01, 16.15, 0.00, 90.00, 4.00);
CreateObject(3578, 2782.73, -2331.89, 26.39, 0.00, 90.00, 4.00);
CreateObject(3578, 2782.66, -2331.99, 20.62, 0.00, 90.00, 4.00);
CreateObject(3578, 2776.99, -2331.75, 30.65, 0.00, 0.00, 0.00);
CreateObject(3578, 2778.23, -2331.81, 21.85, 0.00, 0.00, 0.00);
CreateObject(8172, -417.20, 2566.80, 52.50, 0.00, 0.00, 90.00);
CreateObject(8172, -338.50, 2567.10, 52.50, 14.00, 0.00, 270.00);
CreateObject(987, -507.10, 2546.30, 52.50, 0.00, 0.00, 358.00);
CreateObject(987, -495.20, 2545.80, 52.50, 0.00, 0.00, 0.00);
CreateObject(987, -483.20, 2545.90, 52.40, 0.00, 0.00, 0.00);
CreateObject(987, -471.20, 2545.80, 52.00, 0.00, 0.00, 10.00);
CreateObject(987, -459.60, 2547.60, 52.50, 0.00, 0.00, 0.00);
CreateObject(987, -519.00, 2546.20, 52.50, 0.00, 0.00, 0.00);
CreateObject(987, -530.90, 2546.60, 52.50, 0.00, 0.00, 358.00);
CreateObject(987, -542.80, 2546.50, 52.50, 0.00, 0.00, 0.00);
CreateObject(7981, -557.00, 2556.50, 57.50, 0.00, 0.00, 180.00);
CreateObject(987, -554.30, 2546.50, 52.50, 0.00, 0.00, 0.00);
CreateObject(987, -566.10, 2546.30, 52.70, 0.00, 0.00, 0.00);
CreateObject(987, -576.80, 2551.50, 52.60, 0.00, 0.00, 334.00);
CreateObject(987, -585.30, 2559.70, 52.50, 0.00, 0.00, 316.00);
CreateObject(987, -586.90, 2571.50, 52.50, 0.00, 0.00, 278.00);
CreateObject(986, -586.80, 2571.30, 52.50, 0.00, 0.00, 96.00);
CreateObject(987, -447.60, 2547.60, 52.50, 0.00, 0.00, 0.00);
CreateObject(987, -435.70, 2547.50, 52.50, 0.00, 0.00, 358.00);
CreateObject(987, -423.70, 2547.00, 52.50, 0.00, 0.00, 0.00);
CreateObject(987, -411.90, 2546.90, 52.50, 0.00, 0.00, 0.00);
CreateObject(987, -399.90, 2547.00, 52.50, 0.00, 0.00, 0.00);
CreateObject(987, -387.90, 2546.90, 52.50, 0.00, 0.00, 2.00);
CreateObject(987, -378.80, 2547.30, 52.50, 0.00, 0.00, 0.00);
CreateObject(987, -369.70, 2547.20, 52.50, 0.00, 0.00, 0.00);
CreateObject(987, -360.50, 2547.30, 52.50, 0.00, 0.00, 359.99);
CreateObject(3749, -503.80, 2593.10, 58.30, 0.00, 0.00, 90.00);
CreateObject(987, -505.50, 2602.90, 52.60, 0.00, 0.00, 88.00);
CreateObject(987, -505.00, 2614.80, 52.50, 0.00, 0.00, 88.00);
CreateObject(987, -504.70, 2626.80, 52.50, 0.00, 0.00, 90.00);
CreateObject(987, -504.70, 2638.60, 52.50, 0.00, 0.00, 172.00);
CreateObject(987, -516.40, 2640.30, 52.50, 0.00, 0.00, 180.00);
CreateObject(987, -528.30, 2640.40, 52.50, 0.00, 0.00, 180.00);
CreateObject(987, -540.30, 2640.40, 52.50, 0.00, 0.00, 186.00);
CreateObject(987, -552.10, 2639.20, 52.50, 0.00, 0.00, 212.00);
CreateObject(987, -562.20, 2632.80, 52.50, 0.00, 0.00, 214.00);
CreateObject(987, -572.10, 2626.20, 52.50, 0.00, 0.00, 220.00);
CreateObject(987, -581.20, 2618.50, 52.50, 0.00, 0.00, 222.00);
CreateObject(6976, -566.60, 2570.00, 52.50, 0.00, 0.00, 182.00);
CreateObject(983, -584.30, 2573.60, 62.40, 20.00, 90.00, 2.00);
CreateObject(987, -501.40, 2586.80, 52.60, 0.00, 0.00, 0.00);
CreateObject(987, -489.40, 2586.80, 52.70, 0.00, 0.00, 0.00);
CreateObject(987, -477.50, 2586.60, 52.50, 0.00, 0.00, 0.00);
CreateObject(987, -465.60, 2586.50, 52.50, 0.00, 0.00, 0.00);
CreateObject(987, -453.60, 2586.50, 52.50, 0.00, 0.00, 0.00);
CreateObject(987, -441.60, 2586.60, 52.50, 0.00, 0.00, 0.00);
CreateObject(987, -429.70, 2586.60, 52.50, 0.00, 0.00, 0.00);
CreateObject(987, -417.70, 2586.70, 52.50, 0.00, 0.00, 0.00);
CreateObject(987, -405.80, 2586.70, 52.50, 0.00, 0.00, 0.00);
CreateObject(987, -393.80, 2586.70, 52.50, 0.00, 0.00, 0.00);
CreateObject(987, -381.90, 2586.60, 52.50, 0.00, 0.00, 0.00);
CreateObject(987, -369.90, 2586.50, 52.50, 0.00, 0.00, 0.00);
CreateObject(987, -357.90, 2586.40, 52.50, 0.00, 0.00, 0.00);
CreateObject(987, -348.60, 2586.40, 52.50, 0.00, 0.00, 0.00);
CreateObject(1237, -405.80, 2585.70, 41.60, 0.00, 0.00, 0.00);
CreateObject(1237, -404.90, 2585.50, 41.50, 0.00, 0.00, 0.00);
CreateObject(1237, -404.10, 2585.30, 41.40, 0.00, 0.00, 0.00);
CreateObject(1237, -403.20, 2585.00, 41.20, 0.00, 0.00, 0.00);
CreateObject(1237, -388.60, 2587.10, 40.00, 0.00, 0.00, 0.00);
CreateObject(1237, -389.40, 2586.60, 40.20, 0.00, 0.00, 0.00);
CreateObject(1237, -390.30, 2586.10, 40.30, 0.00, 0.00, 0.00);
CreateObject(1237, -391.20, 2585.60, 40.30, 0.00, 0.00, 0.00);
CreateObject(1237, -392.20, 2585.20, 40.30, 0.00, 0.00, 0.00);
CreateObject(1237, -393.10, 2585.00, 40.30, 0.00, 0.00, 0.00);
CreateObject(1237, -394.10, 2584.50, 40.40, 0.00, 0.00, 0.00);
CreateObject(1237, -395.30, 2584.20, 40.40, 0.00, 0.00, 0.00);
CreateObject(1237, -396.50, 2584.10, 40.40, 0.00, 0.00, 0.00);
CreateObject(1237, -397.60, 2584.20, 40.60, 0.00, 0.00, 0.00);
CreateObject(1237, -398.80, 2584.00, 40.60, 0.00, 0.00, 0.00);
CreateObject(1237, -400.00, 2584.30, 40.80, 0.00, 0.00, 0.00);
CreateObject(1237, -401.20, 2584.60, 40.90, 0.00, 0.00, 0.00);
CreateObject(1237, -402.30, 2584.70, 41.00, 0.00, 0.00, 0.00);
CreateObject(1237, -387.60, 2587.50, 39.80, 0.00, 0.00, 0.00);
CreateObject(1237, -386.80, 2588.20, 39.70, 0.00, 0.00, 0.00);
CreateObject(1237, -386.00, 2589.00, 39.70, 0.00, 0.00, 0.00);
CreateObject(1237, -385.10, 2589.80, 39.60, 0.00, 0.00, 0.00);
CreateObject(1237, -384.40, 2590.50, 39.60, 0.00, 0.00, 0.00);
CreateObject(1237, -383.60, 2591.50, 39.60, 0.00, 0.00, 0.00);
CreateObject(1237, -382.70, 2592.40, 39.70, 0.00, 0.00, 0.00);
CreateObject(1237, -381.90, 2593.10, 39.80, 0.00, 0.00, 0.00);
CreateObject(1237, -381.20, 2594.00, 39.80, 0.00, 0.00, 0.00);
CreateObject(1237, -380.50, 2594.80, 39.90, 0.00, 0.00, 0.00);
CreateObject(1237, -379.80, 2595.60, 39.90, 0.00, 0.00, 0.00);
CreateObject(1237, -379.10, 2596.50, 40.00, 0.00, 0.00, 0.00);
CreateObject(1237, -378.70, 2597.30, 40.00, 0.00, 0.00, 0.00);
CreateObject(1237, -403.20, 2595.80, 41.70, 0.00, 0.00, 0.00);
CreateObject(1237, -402.10, 2595.70, 41.50, 0.00, 0.00, 0.00);
CreateObject(1237, -400.80, 2595.80, 41.30, 0.00, 0.00, 0.00);
CreateObject(1237, -399.80, 2595.80, 41.20, 0.00, 0.00, 0.00);
CreateObject(1237, -398.70, 2595.80, 41.10, 0.00, 0.00, 0.00);
CreateObject(1237, -397.90, 2595.80, 40.90, 0.00, 0.00, 0.00);
CreateObject(1237, -396.80, 2596.10, 40.70, 0.00, 0.00, 0.00);
CreateObject(1237, -395.70, 2596.60, 40.60, 0.00, 0.00, 0.00);
CreateObject(1237, -394.60, 2597.20, 40.60, 0.00, 0.00, 0.00);
CreateObject(1237, -393.60, 2597.80, 40.60, 0.00, 0.00, 0.00);
CreateObject(1237, -392.60, 2598.40, 40.50, 0.00, 0.00, 0.00);
CreateObject(1237, -391.70, 2599.00, 40.50, 0.00, 0.00, 0.00);
CreateObject(1237, -390.80, 2599.70, 40.50, 0.00, 0.00, 0.00);
CreateObject(1237, -389.90, 2600.50, 40.50, 0.00, 0.00, 0.00);
CreateObject(1237, -389.10, 2601.20, 40.40, 0.00, 0.00, 0.00);
CreateObject(1237, -388.40, 2602.20, 40.50, 0.00, 0.00, 0.00);
CreateObject(1237, -388.20, 2603.10, 40.60, 0.00, 0.00, 0.00);
CreateObject(1237, -387.90, 2604.00, 40.70, 0.00, 0.00, 0.00);
CreateObject(1237, -378.30, 2598.50, 40.10, 0.00, 0.00, 0.00);
CreateObject(1237, -387.60, 2605.20, 40.90, 0.00, 0.00, 0.00);
CreateObject(1237, -404.30, 2595.90, 41.80, 0.00, 0.00, 0.00);
CreateObject(1237, -405.40, 2596.00, 41.90, 0.00, 0.00, 0.00);
CreateObject(9833, -575.30, 2558.70, 55.70, 0.00, 0.00, 320.00);
CreateObject(16778, -544.30, 2616.70, 52.50, 0.00, 0.00, 142.00);
CreateObject(3115, -587.90, 2593.70, 65.70, 0.00, 0.00, 0.00);
CreateObject(3115, -564.20, 2593.90, 65.70, 0.00, 0.00, 0.00);
CreateObject(2985, -545.70, 2561.20, 52.50, 0.00, 0.00, 0.00);
CreateObject(3268, -520.80, 2628.90, 52.40, 0.00, 0.00, 88.00);
CreateObject(3279, -547.70, 2630.90, 52.50, 0.00, 0.00, 358.00);
CreateObject(2985, -547.60, 2630.90, 68.60, 0.00, 0.00, 0.00);
CreateObject(3262, -378.10, 2599.60, 40.20, 0.00, 0.00, 178.00);
CreateObject(3264, -501.20, 2598.80, 52.60, 0.00, 0.00, 68.00);
CreateObject(14467, -572.50, 2616.50, 55.20, 0.00, 0.00, 88.00);
CreateObject(987, -348.60, 2547.30, 52.50, 0.00, 0.00, 359.99);
CreateObject(1237, -377.70, 2600.10, 40.20, 0.00, 0.00, 0.00);
CreateObject(1237, -377.40, 2601.30, 40.30, 0.00, 0.00, 0.00);
CreateObject(1237, -377.10, 2602.40, 40.30, 0.00, 0.00, 0.00);
CreateObject(1237, -377.00, 2603.50, 40.50, 0.00, 0.00, 0.00);
CreateObject(1237, -387.30, 2606.30, 41.00, 0.00, 0.00, 0.00);
CreateObject(979, -318.80, 2616.80, 64.30, 0.00, 0.00, 312.00);
CreateObject(979, -312.50, 2610.20, 64.10, 0.00, 0.00, 316.00);
CreateObject(979, -305.90, 2604.40, 63.90, 0.00, 0.00, 322.00);
CreateObject(979, -298.80, 2599.10, 63.10, 0.00, 0.00, 332.00);
CreateObject(979, -290.50, 2595.20, 62.70, 0.00, 0.00, 340.00);
CreateObject(8172, -315.90, 2566.90, 58.10, 14.00, 180.00, 270.00);
CreateObject(8172, -412.00, 2567.60, 52.50, 0.00, 180.00, 90.00);
CreateObject(987, -1408.90, -1493.90, 100.70, 0.00, 0.00, 96.00);
CreateObject(3749, -1410.10, -1472.50, 106.50, 0.00, 0.00, 92.00);
CreateObject(987, -1406.80, -1505.70, 100.70, 0.00, 0.00, 100.00);
CreateObject(987, -1404.70, -1517.40, 100.70, 0.00, 0.00, 100.00);
CreateObject(987, -1402.60, -1529.10, 100.70, 0.00, 0.00, 100.00);
CreateObject(987, -1402.10, -1540.90, 100.80, 0.00, 0.00, 92.00);
CreateObject(987, -1405.80, -1552.20, 100.80, 0.00, 0.00, 72.00);
CreateObject(987, -1411.00, -1562.80, 100.80, 0.00, 0.00, 64.00);
CreateObject(987, -1414.60, -1574.20, 100.80, 0.00, 0.00, 72.00);
CreateObject(987, -1418.30, -1585.60, 100.80, 0.00, 0.00, 72.00);
CreateObject(987, -1420.30, -1593.00, 101.20, 0.00, 0.00, 74.00);
CreateObject(987, -1421.90, -1599.70, 100.90, 0.00, 0.00, 76.00);
CreateObject(987, -1433.70, -1601.40, 100.80, 0.00, 0.00, 8.00);
CreateObject(987, -1445.50, -1600.50, 100.80, 0.00, 0.00, 356.00);
CreateObject(987, -1457.50, -1600.10, 100.80, 0.00, 0.00, 358.00);
CreateObject(987, -1467.10, -1599.80, 100.80, 0.00, 0.00, 358.00);
CreateObject(987, -1469.20, -1588.10, 100.90, 0.00, 0.00, 280.00);
CreateObject(987, -1469.50, -1576.20, 100.80, 0.00, 0.00, 272.00);
CreateObject(987, -1469.90, -1564.20, 100.80, 0.00, 0.00, 272.00);
CreateObject(987, -1470.00, -1552.20, 100.90, 0.00, 0.00, 270.00);
CreateObject(987, -1470.50, -1540.20, 100.90, 0.00, 0.00, 272.00);
CreateObject(987, -1471.60, -1528.40, 100.70, 0.00, 0.00, 276.00);
CreateObject(987, -1472.50, -1516.40, 100.80, 0.00, 0.00, 274.00);
CreateObject(987, -1472.50, -1504.50, 100.70, 0.00, 0.00, 270.00);
CreateObject(987, -1471.30, -1492.60, 100.70, 0.00, 0.00, 264.00);
CreateObject(987, -1469.30, -1480.80, 100.80, 0.00, 0.00, 260.00);
CreateObject(987, -1467.70, -1469.00, 100.80, 0.00, 0.00, 262.00);
CreateObject(987, -1468.20, -1457.10, 100.80, 0.00, 0.00, 272.00);
CreateObject(987, -1468.30, -1450.90, 100.80, 0.00, 0.00, 272.00);
CreateObject(987, -1459.20, -1443.20, 100.80, 0.00, 0.00, 220.00);
CreateObject(987, -1447.60, -1440.80, 100.70, 0.00, 0.00, 192.00);
CreateObject(987, -1435.70, -1440.30, 100.60, 0.00, 0.00, 182.00);
CreateObject(987, -1424.00, -1441.70, 100.20, 0.00, 0.00, 174.00);
CreateObject(987, -1412.40, -1444.20, 100.20, 0.00, 0.00, 168.00);
CreateObject(987, -1411.60, -1456.10, 100.20, 0.00, 0.00, 94.00);
CreateObject(987, -1411.10, -1462.30, 100.30, 0.00, 0.00, 94.00);
CreateObject(3279, -1459.50, -1452.80, 100.80, 0.00, 0.00, 358.00);
CreateObject(2985, -1459.50, -1453.00, 116.90, 0.00, 0.00, 0.00);
CreateObject(3095, -1446.60, -1591.90, 100.80, 0.00, 0.00, 358.00);
CreateObject(2921, -1432.30, -1530.00, 105.60, 0.00, 0.00, 344.00);
CreateObject(2921, -1450.20, -1549.50, 106.90, 0.00, 0.00, 0.00);
CreateObject(2921, -1431.80, -1476.30, 102.60, 0.00, 0.00, 0.00);
CreateObject(2921, -1412.10, -1478.60, 105.50, 0.00, 0.00, 0.00);
CreateObject(2921, -1408.30, -1465.90, 105.10, 0.00, 0.00, 0.00);
CreateObject(2921, -1408.30, -1465.90, 105.10, 0.00, 0.00, 182.00);
CreateObject(3277, -1434.50, -1533.10, 100.80, 0.00, 0.00, 344.00);
CreateObject(3393, -1432.90, -1538.40, 100.80, 0.00, 0.00, 0.00);
CreateObject(3389, -1432.80, -1540.80, 100.80, 0.00, 0.00, 0.00);
CreateObject(3391, -1432.90, -1543.50, 100.80, 0.00, 0.00, 0.00);
CreateObject(13594, -1458.50, -1499.60, 113.70, 0.00, 0.00, 0.00);
CreateObject(13594, -1458.50, -1522.70, 113.90, 0.00, 0.00, 0.00);
CreateObject(1676, -1432.60, -1449.40, 102.30, 0.00, 0.00, 358.00);
CreateObject(1676, -1445.70, -1448.80, 102.30, 0.00, 0.00, 357.99);
CreateObject(3524, -1432.60, -1574.80, 103.60, 0.00, 0.00, 86.00);
CreateObject(3524, -1432.80, -1579.90, 103.60, 0.00, 0.00, 88.00);
CreateObject(3524, -1462.60, -1573.60, 103.60, 0.00, 0.00, 270.00);
CreateObject(3524, -1462.80, -1578.70, 103.60, 0.00, 0.00, 268.00);
CreateObject(3524, -1425.40, -1505.60, 103.60, 0.00, 0.00, 4.00);
CreateObject(3524, -1420.30, -1505.30, 103.60, 0.00, 0.00, 4.00);
CreateObject(3524, -1421.70, -1475.40, 103.50, 0.00, 0.00, 190.00);
CreateObject(3524, -1426.90, -1475.60, 103.60, 0.00, 0.00, 184.00);
CreateObject(9833, -1418.40, -1563.10, 104.00, 0.00, 0.00, 320.00);
CreateObject(16778, -1423.40, -1454.50, 100.70, 0.00, 0.00, 84.00);
CreateObject(1553, -1462.50, -1574.70, 105.50, 0.00, 0.00, 268.00);
CreateObject(1553, -1462.50, -1576.80, 105.50, 0.00, 0.00, 267.99);
CreateObject(1553, -1433.00, -1578.70, 105.50, 0.00, 0.00, 90.00);
CreateObject(1553, -1432.90, -1576.60, 105.50, 0.00, 0.00, 88.00);
CreateObject(2693, -1440.50, -1544.90, 101.50, 0.00, 0.00, 180.00);
CreateObject(2692, -1444.30, -1544.80, 101.50, 0.00, 0.00, 178.00);
CreateObject(1443, -1437.40, -1540.70, 101.40, 0.00, 0.00, 80.00);
CreateObject(1444, -1450.40, -1483.70, 102.50, 0.00, 0.00, 0.00);
CreateObject(2745, -1434.60, -1494.70, 101.90, 0.00, 0.00, 272.00);
CreateObject(3262, -1407.90, -1464.80, 100.40, 0.00, 0.00, 90.00);
CreateObject(3263, -1393.60, -1421.50, 106.50, 0.00, 0.00, 156.00);
CreateObject(3265, -1407.50, -1480.20, 100.80, 0.00, 0.00, 90.00);
CreateObject(3471, -1465.70, -1540.20, 102.00, 0.00, 0.00, 272.00);
CreateObject(3521, -1407.30, -1510.30, 102.30, 0.00, 0.00, 280.00);
CreateObject(6958, -1453.70, -1293.60, 108.50, 0.00, 0.00, 28.00);
CreateObject(8406, -1451.10, -1584.50, 106.30, 0.00, 0.00, 358.00);
CreateObject(10281, -1426.00, -1529.70, 111.60, 0.00, 0.00, 178.00);
CreateObject(14467, -1434.80, -1533.00, 104.00, 0.00, 0.00, 216.00);
CreateObject(4206, 706.40, 1984.80, 3.70, 0.00, 0.00, 0.00);
CreateObject(987, 731.60, 2002.20, 4.50, 0.00, 0.00, 179.99);
CreateObject(987, 719.60, 2002.20, 4.50, 0.00, 0.00, 179.99);
CreateObject(987, 707.60, 2002.20, 4.50, 0.00, 0.00, 179.99);
CreateObject(987, 695.60, 2002.30, 4.50, 0.00, 0.00, 179.99);
CreateObject(1557, 699.80, 1991.10, 4.60, 0.00, 0.00, 92.00);
CreateObject(1557, 699.80, 1994.10, 4.60, 0.00, 0.00, 268.00);
CreateObject(1248, 699.80, 1992.60, 7.00, 0.00, 0.00, 96.00);
CreateObject(2773, 700.90, 1994.10, 5.10, 0.00, 0.00, 86.00);
CreateObject(2773, 701.10, 1991.10, 5.10, 0.00, 0.00, 90.00);
CreateObject(3749, -2434.00, 497.60, 34.80, 0.00, 0.00, 26.00);
CreateObject(14467, -2433.30, 512.00, 32.10, 0.00, 0.00, 0.00);
CreateObject(3749, -2127.30, -82.40, 40.20, 0.00, 0.00, 0.00);
CreateObject(1523, -2163.70, -225.70, 35.50, 0.00, 0.00, 0.00);
CreateObject(1245, -2174.80, -208.80, 34.50, 0.00, 348.00, 358.00);
CreateObject(1486, -2132.30, -110.40, 36.60, 0.00, 0.00, 0.00);
CreateObject(1486, -2135.10, -110.20, 36.60, 0.00, 0.00, 0.00);
CreateObject(1486, -2128.90, -110.30, 36.60, 0.00, 0.00, 0.00);
CreateObject(1486, -2134.20, -110.30, 36.60, 0.00, 0.00, 0.00);
CreateObject(1520, -2128.50, -110.30, 38.00, 0.00, 0.00, 0.00);
CreateObject(1517, -2131.10, -110.40, 36.70, 0.00, 0.00, 0.00);
CreateObject(1517, -2129.90, -110.40, 36.70, 0.00, 0.00, 0.00);
CreateObject(1509, -2127.30, -110.40, 36.70, 0.00, 0.00, 0.00);
CreateObject(1509, -2120.80, -110.30, 36.70, 0.00, 0.00, 0.00);
CreateObject(1509, -2125.40, -110.50, 36.70, 0.00, 0.00, 0.00);
CreateObject(1509, -2123.70, -110.40, 36.70, 0.00, 0.00, 0.00);
CreateObject(1509, -2122.30, -110.40, 36.70, 0.00, 0.00, 0.00);
CreateObject(1520, -2120.20, -110.40, 38.00, 0.00, 0.00, 0.00);
CreateObject(1509, -2119.20, -110.40, 36.70, 0.00, 0.00, 0.00);
CreateObject(1509, -2118.00, -110.40, 36.70, 0.00, 0.00, 0.00);
CreateObject(1509, -2116.90, -110.40, 36.70, 0.00, 0.00, 0.00);
CreateObject(1509, -2115.40, -110.50, 36.70, 0.00, 0.00, 0.00);
CreateObject(1509, -2113.60, -110.50, 36.70, 0.00, 0.00, 0.00);
CreateObject(1509, -2112.00, -110.30, 36.70, 0.00, 0.00, 0.00);
CreateObject(1520, -2111.10, -110.50, 38.00, 0.00, 0.00, 0.00);
CreateObject(3749, 713.10, 1925.00, 10.40, 0.00, 0.00, 0.00);
CreateObject(987, 719.70, 1923.90, 4.70, 0.00, 0.00, 2.00);
CreateObject(987, 731.60, 1924.30, 4.50, 0.00, 0.00, 89.99);
CreateObject(987, 731.70, 1936.30, 4.50, 0.00, 0.00, 89.99);
CreateObject(987, 731.70, 1948.30, 4.50, 0.00, 0.00, 89.99);
CreateObject(987, 731.70, 1960.30, 4.50, 0.00, 0.00, 89.99);
CreateObject(987, 731.60, 1972.20, 4.40, 0.00, 0.00, 89.99);
CreateObject(987, 731.50, 1984.10, 4.30, 0.00, 0.00, 89.99);
CreateObject(987, 691.40, 1924.10, 4.70, 0.00, 0.00, 0.00);
CreateObject(987, 679.40, 1924.10, 4.70, 0.00, 0.00, 0.00);
CreateObject(987, 670.10, 1924.10, 4.70, 0.00, 0.00, 0.00);
CreateObject(987, 670.70, 1935.90, 4.60, 0.00, 0.00, 267.99);
CreateObject(987, 671.10, 1947.90, 4.80, 0.00, 0.00, 267.98);
CreateObject(987, 731.50, 1990.10, 4.30, 0.00, 0.00, 89.99);
CreateObject(987, 671.50, 1959.90, 5.20, 0.00, 0.00, 267.98);
CreateObject(987, 671.80, 1971.80, 5.30, 0.00, 0.00, 267.98);
CreateObject(987, 672.20, 1983.80, 5.20, 0.00, 0.00, 267.98);
CreateObject(987, 672.60, 1995.80, 4.90, 0.00, 0.00, 267.98);
CreateObject(987, 684.90, 2002.20, 4.50, 0.00, 0.00, 179.99);
CreateObject(987, 672.90, 2002.30, 4.90, 0.00, 0.00, 267.98);
CreateObject(1557, 692.10, 1968.00, 4.50, 0.00, 0.00, 0.00);
CreateObject(1557, 693.60, 1968.00, 4.50, 0.00, 0.00, 0.00);
CreateObject(4892, 698.30, 1791.80, 8.50, 0.00, 0.00, 0.00);
CreateObject(8263, 917.30, 1683.20, 13.00, 0.00, 0.00, 270.00);
CreateObject(8263, 917.50, 1783.40, 13.00, 0.00, 0.00, 270.00);
CreateObject(3749, 996.90, 1755.90, 15.70, 0.00, 0.00, 270.00);
CreateObject(3749, 997.40, 1711.00, 15.80, 0.00, 0.00, 269.99);
CreateObject(8210, 944.70, 1623.20, 13.00, 0.00, 0.00, 0.00);
CreateObject(8210, 969.80, 1623.30, 13.00, 0.00, 0.00, 0.00);
CreateObject(8210, 997.20, 1650.90, 13.00, 0.00, 0.00, 90.00);
CreateObject(8210, 997.30, 1676.10, 13.00, 0.00, 0.00, 90.00);
CreateObject(8210, 997.30, 1792.60, 12.90, 0.00, 0.00, 90.00);
CreateObject(8210, 997.10, 1815.30, 12.90, 0.00, 0.00, 90.00);
CreateObject(8210, 969.90, 1842.80, 12.90, 0.00, 0.00, 180.00);
CreateObject(8210, 945.00, 1843.00, 12.90, 0.00, 0.00, 179.99);
CreateObject(1557, 936.70, 1731.80, 7.90, 0.00, 0.00, 90.00);
CreateObject(1557, 936.70, 1734.70, 7.90, 0.00, 0.00, 270.00);
CreateObject(1248, 936.70, 1733.20, 10.60, 0.00, 0.00, 90.00);
CreateObject(7520, 956.50, 1817.80, 7.90, 0.00, 0.00, 0.00);
CreateObject(16477, 962.60, 1652.50, 7.60, 0.00, 0.00, 16.00);
CreateObject(17064, 986.20, 1669.20, 8.20, 0.00, 0.00, 270.00);
CreateObject(1676, 979.90, 1654.30, 9.40, 0.00, 0.00, 90.00);
CreateObject(1676, 975.10, 1654.40, 9.40, 0.00, 0.00, 90.00);
CreateObject(987, 997.40, 1720.90, 9.90, 0.00, 0.00, 90.00);
CreateObject(987, 997.40, 1732.90, 9.90, 0.00, 0.00, 90.00);
CreateObject(987, 997.40, 1735.00, 9.90, 0.00, 0.00, 90.00);
CreateObject(10281, 941.20, 1732.70, 14.80, 0.00, 0.00, 90.00);
CreateObject(14467, 970.10, 1761.80, 10.60, 0.00, 0.00, 52.00);
CreateObject(14467, 969.00, 1704.80, 10.60, 0.00, 0.00, 116.00);
CreateObject(3524, 997.30, 1761.50, 12.80, 0.00, 0.00, 96.00);
CreateObject(3524, 997.30, 1750.20, 12.80, 0.00, 0.00, 96.00);
CreateObject(3524, 997.50, 1705.30, 12.80, 0.00, 0.00, 96.00);
CreateObject(3524, 997.40, 1716.70, 12.80, 0.00, 0.00, 96.00);
CreateObject(14637, 999.40, 1711.00, 21.90, 0.00, 0.00, 0.00);
CreateObject(14637, 999.00, 1755.90, 21.70, 0.00, 0.00, 0.00);
CreateObject(8355, 3252.10, 721.60, 5.40, 0.00, 0.00, 0.00);
CreateObject(8355, 3252.00, 583.40, 5.40, 0.00, 0.00, 0.00);
CreateObject(8344, 3276.10, 451.20, 5.40, 0.00, 0.00, 0.00);
CreateObject(8343, 3368.60, 387.50, 5.40, 0.00, 0.00, 270.00);
CreateObject(8356, 3387.00, 249.50, 5.40, 0.00, 0.00, 0.00);
CreateObject(8357, 3386.90, 49.60, 5.40, 0.00, 0.00, 0.00);
CreateObject(8354, 3409.80, -124.80, 5.40, 0.00, 0.00, 90.00);
CreateObject(8357, 3585.90, -124.70, 5.40, 0.00, 0.00, 90.00);
CreateObject(1633, 3476.40, -141.40, 6.70, 0.00, 0.00, 268.00);
CreateObject(1633, 3476.60, -137.30, 6.70, 0.00, 0.00, 267.99);
CreateObject(1633, 3476.70, -133.20, 6.70, 0.00, 0.00, 267.99);
CreateObject(1633, 3476.90, -129.10, 6.70, 0.00, 0.00, 267.99);
CreateObject(1633, 3477.10, -125.10, 6.70, 0.00, 0.00, 267.99);
CreateObject(1633, 3477.30, -121.00, 6.70, 0.00, 0.00, 267.99);
CreateObject(1633, 3477.40, -116.90, 6.70, 0.00, 0.00, 267.99);
CreateObject(1633, 3477.60, -112.80, 6.70, 0.00, 0.00, 267.99);
CreateObject(1633, 3477.70, -108.70, 6.70, 0.00, 0.00, 267.99);
CreateObject(1225, 3484.40, -125.70, 5.80, 0.00, 0.00, 0.00);
CreateObject(1225, 3484.70, -122.10, 5.80, 0.00, 0.00, 0.00);
CreateObject(1225, 3484.20, -141.60, 5.80, 0.00, 0.00, 0.00);
CreateObject(1225, 3486.00, -134.90, 5.80, 0.00, 0.00, 0.00);
CreateObject(1225, 3483.60, -129.90, 5.80, 0.00, 0.00, 0.00);
CreateObject(1225, 3482.10, -143.90, 5.80, 0.00, 0.00, 0.00);
CreateObject(1225, 3482.80, -137.70, 5.80, 0.00, 0.00, 0.00);
CreateObject(1225, 3483.20, -127.00, 5.80, 0.00, 0.00, 0.00);
CreateObject(1225, 3482.50, -131.80, 5.80, 0.00, 0.00, 0.00);
CreateObject(1225, 3485.90, -138.20, 5.80, 0.00, 0.00, 0.00);
CreateObject(1225, 3483.50, -108.40, 5.80, 0.00, 0.00, 0.00);
CreateObject(1225, 3487.40, -108.00, 5.80, 0.00, 0.00, 0.00);
CreateObject(1225, 3488.60, -114.00, 5.80, 0.00, 0.00, 0.00);
CreateObject(1225, 3485.50, -113.30, 5.80, 0.00, 0.00, 0.00);
CreateObject(1225, 3488.10, -120.00, 5.80, 0.00, 0.00, 0.00);
CreateObject(1225, 3483.30, -118.20, 5.80, 0.00, 0.00, 0.00);
CreateObject(1225, 3484.00, -110.10, 5.80, 0.00, 0.00, 0.00);
CreateObject(1225, 3488.30, -131.50, 5.80, 0.00, 0.00, 0.00);
CreateObject(1225, 3486.20, -111.00, 5.80, 0.00, 0.00, 0.00);
CreateObject(3814, 3704.40, -126.10, 0.00, 0.00, 0.00, 358.00);
CreateObject(8344, 3781.80, -102.30, 5.30, 0.00, 0.00, 87.99);
CreateObject(8357, 3822.80, 45.90, 5.30, 0.00, 0.00, 0.00);
CreateObject(4883, 3823.70, 179.60, 13.70, 0.00, 0.00, 87.99);
CreateObject(8344, 3870.30, 227.60, 5.40, 0.00, 0.00, 264.00);
CreateObject(8344, 3974.70, 199.60, 5.40, 0.00, 0.00, 171.99);
CreateObject(8343, 3981.50, 194.90, 5.40, 0.00, 351.99, 179.99);
CreateObject(981, 3840.20, 160.40, 6.30, 0.00, 0.00, 267.99);
CreateObject(981, 3806.60, 161.80, 6.20, 0.00, 0.00, 89.99);
CreateObject(1237, 3806.70, 156.80, 5.30, 0.00, 0.00, 0.00);
CreateObject(1237, 3806.70, 157.60, 5.30, 0.00, 0.00, 0.00);
CreateObject(1237, 3806.70, 158.40, 5.30, 0.00, 0.00, 0.00);
CreateObject(1237, 3806.70, 159.30, 5.30, 0.00, 0.00, 0.00);
CreateObject(1237, 3806.40, 164.20, 5.30, 0.00, 0.00, 0.00);
CreateObject(1237, 3806.40, 165.00, 5.30, 0.00, 0.00, 0.00);
CreateObject(1237, 3806.40, 165.80, 5.30, 0.00, 0.00, 0.00);
CreateObject(1237, 3806.70, 166.60, 5.40, 0.00, 0.00, 0.00);
CreateObject(1237, 3840.60, 164.80, 5.30, 0.00, 0.00, 0.00);
CreateObject(1237, 3840.50, 164.00, 5.30, 0.00, 0.00, 0.00);
CreateObject(1237, 3840.50, 163.20, 5.30, 0.00, 0.00, 0.00);
CreateObject(1237, 3840.40, 165.50, 5.40, 0.00, 0.00, 0.00);
CreateObject(1237, 3840.50, 162.70, 5.30, 0.00, 0.00, 0.00);
CreateObject(1237, 3840.20, 158.00, 5.30, 0.00, 0.00, 0.00);
CreateObject(1237, 3840.20, 157.20, 5.30, 0.00, 0.00, 0.00);
CreateObject(1237, 3840.10, 156.40, 5.30, 0.00, 0.00, 0.00);
CreateObject(1237, 3840.00, 155.60, 5.30, 0.00, 0.00, 0.00);
CreateObject(1237, 3876.40, 191.80, 10.90, 0.00, 0.00, 0.00);
CreateObject(1237, 3876.40, 192.50, 10.90, 0.00, 0.00, 0.00);
CreateObject(1237, 3876.40, 193.20, 10.90, 0.00, 0.00, 0.00);
CreateObject(1237, 3876.40, 193.90, 10.90, 0.00, 0.00, 0.00);
CreateObject(1237, 3876.40, 194.60, 10.90, 0.00, 0.00, 0.00);
CreateObject(1237, 3876.40, 195.30, 10.90, 0.00, 0.00, 0.00);
CreateObject(1237, 3876.40, 196.00, 10.90, 0.00, 0.00, 0.00);
CreateObject(1237, 3876.50, 196.70, 10.90, 0.00, 0.00, 0.00);
CreateObject(1237, 3876.60, 197.40, 10.90, 0.00, 0.00, 0.00);
CreateObject(1237, 3876.70, 198.10, 10.90, 0.00, 0.00, 0.00);
CreateObject(1237, 3876.70, 198.80, 10.90, 0.00, 0.00, 0.00);
CreateObject(1237, 3876.70, 199.50, 10.90, 0.00, 0.00, 0.00);
CreateObject(1237, 3876.70, 200.20, 10.90, 0.00, 0.00, 0.00);
CreateObject(1237, 3876.70, 200.90, 10.90, 0.00, 0.00, 0.00);
CreateObject(1237, 3875.50, 163.50, 10.90, 0.00, 0.00, 0.00);
CreateObject(1237, 3875.40, 162.80, 10.90, 0.00, 0.00, 0.00);
CreateObject(1237, 3875.30, 162.10, 10.90, 0.00, 0.00, 0.00);
CreateObject(1237, 3875.30, 161.40, 10.90, 0.00, 0.00, 0.00);
CreateObject(1237, 3875.30, 160.70, 10.90, 0.00, 0.00, 0.00);
CreateObject(1237, 3875.30, 160.00, 10.90, 0.00, 0.00, 0.00);
CreateObject(1237, 3875.30, 159.30, 10.90, 0.00, 0.00, 0.00);
CreateObject(1237, 3875.30, 158.60, 10.90, 0.00, 0.00, 0.00);
CreateObject(1237, 3875.30, 157.90, 10.90, 0.00, 0.00, 0.00);
CreateObject(1237, 3875.30, 157.20, 10.90, 0.00, 0.00, 0.00);
CreateObject(1237, 3875.30, 156.50, 10.90, 0.00, 0.00, 0.00);
CreateObject(1237, 3875.20, 155.90, 10.90, 0.00, 0.00, 0.00);
CreateObject(1237, 3875.20, 155.30, 10.90, 0.00, 0.00, 0.00);
CreateObject(1237, 3875.10, 154.70, 10.90, 0.00, 0.00, 0.00);
CreateObject(1237, 3875.10, 154.10, 10.90, 0.00, 0.00, 0.00);
CreateObject(981, 3841.60, 197.70, 6.20, 0.00, 0.00, 267.99);
CreateObject(981, 3806.90, 199.30, 6.30, 0.00, 0.00, 89.99);
CreateObject(1237, 3806.80, 194.20, 5.40, 0.00, 0.00, 0.00);
CreateObject(1237, 3806.80, 194.90, 5.40, 0.00, 0.00, 0.00);
CreateObject(1237, 3806.80, 195.60, 5.40, 0.00, 0.00, 0.00);
CreateObject(1237, 3806.90, 196.30, 5.40, 0.00, 0.00, 0.00);
CreateObject(1237, 3807.00, 197.00, 5.40, 0.00, 0.00, 0.00);
CreateObject(1237, 3806.90, 201.70, 5.40, 0.00, 0.00, 0.00);
CreateObject(1237, 3806.90, 202.50, 5.40, 0.00, 0.00, 0.00);
CreateObject(1237, 3806.90, 203.30, 5.40, 0.00, 0.00, 0.00);
CreateObject(1237, 3806.80, 204.10, 5.40, 0.00, 0.00, 0.00);
CreateObject(1237, 3841.80, 202.60, 5.40, 0.00, 0.00, 0.00);
CreateObject(1237, 3841.70, 201.90, 5.40, 0.00, 0.00, 0.00);
CreateObject(1237, 3841.60, 201.20, 5.40, 0.00, 0.00, 0.00);
CreateObject(1237, 3841.50, 200.50, 5.40, 0.00, 0.00, 0.00);
CreateObject(1237, 3841.50, 199.80, 5.40, 0.00, 0.00, 0.00);
CreateObject(1237, 3841.40, 195.20, 5.40, 0.00, 0.00, 0.00);
CreateObject(1237, 3841.30, 194.50, 5.40, 0.00, 0.00, 0.00);
CreateObject(1237, 3841.20, 193.80, 5.40, 0.00, 0.00, 0.00);
CreateObject(1237, 3841.10, 193.10, 5.40, 0.00, 0.00, 0.00);
CreateObject(1237, 3841.00, 192.50, 5.40, 0.00, 0.00, 0.00);
CreateObject(1237, 3771.80, 205.20, 11.00, 0.00, 0.00, 0.00);
CreateObject(1237, 3771.80, 204.50, 11.00, 0.00, 0.00, 0.00);
CreateObject(1237, 3771.70, 203.80, 11.00, 0.00, 0.00, 0.00);
CreateObject(1237, 3771.70, 203.10, 11.00, 0.00, 0.00, 0.00);
CreateObject(1237, 3771.60, 202.40, 11.00, 0.00, 0.00, 0.00);
CreateObject(1237, 3771.60, 201.70, 11.00, 0.00, 0.00, 0.00);
CreateObject(1237, 3771.60, 201.00, 11.00, 0.00, 0.00, 0.00);
CreateObject(1237, 3771.60, 200.30, 11.00, 0.00, 0.00, 0.00);
CreateObject(1237, 3771.60, 199.60, 11.00, 0.00, 0.00, 0.00);
CreateObject(1237, 3771.50, 198.90, 11.00, 0.00, 0.00, 0.00);
CreateObject(1237, 3771.50, 198.20, 11.00, 0.00, 0.00, 0.00);
CreateObject(1237, 3771.50, 197.50, 11.00, 0.00, 0.00, 0.00);
CreateObject(1237, 3771.40, 196.80, 11.00, 0.00, 0.00, 0.00);
CreateObject(1237, 3771.40, 196.10, 11.00, 0.00, 0.00, 0.00);
CreateObject(1237, 3771.40, 195.30, 11.00, 0.00, 0.00, 0.00);
CreateObject(1237, 3770.70, 166.80, 11.00, 0.00, 0.00, 0.00);
CreateObject(1237, 3770.70, 166.10, 11.00, 0.00, 0.00, 0.00);
CreateObject(1237, 3770.70, 165.40, 11.00, 0.00, 0.00, 0.00);
CreateObject(1237, 3770.60, 164.70, 11.00, 0.00, 0.00, 0.00);
CreateObject(1237, 3770.60, 164.00, 11.00, 0.00, 0.00, 0.00);
CreateObject(1237, 3770.50, 163.30, 11.00, 0.00, 0.00, 0.00);
CreateObject(1237, 3770.40, 162.60, 11.00, 0.00, 0.00, 0.00);
CreateObject(1237, 3770.40, 161.90, 11.00, 0.00, 0.00, 0.00);
CreateObject(1237, 3770.30, 161.20, 11.00, 0.00, 0.00, 0.00);
CreateObject(1237, 3770.30, 160.50, 11.00, 0.00, 0.00, 0.00);
CreateObject(1237, 3770.20, 159.80, 11.00, 0.00, 0.00, 0.00);
CreateObject(1237, 3770.10, 159.10, 11.00, 0.00, 0.00, 0.00);
CreateObject(1237, 3770.00, 158.40, 11.00, 0.00, 0.00, 0.00);
CreateObject(1237, 3770.00, 157.60, 11.00, 0.00, 0.00, 0.00);
CreateObject(1633, 3386.70, 109.80, 6.70, 0.00, 0.00, 0.00);
CreateObject(1633, 3386.70, 161.20, 6.70, 0.00, 0.00, 180.00);
CreateObject(1633, 3382.50, 161.20, 6.70, 0.00, 0.00, 179.99);
CreateObject(1633, 3378.30, 161.20, 6.70, 0.00, 0.00, 179.99);
CreateObject(1633, 3374.10, 161.30, 6.70, 0.00, 0.00, 179.99);
CreateObject(1633, 3369.90, 161.30, 6.70, 0.00, 0.00, 179.99);
CreateObject(1633, 3390.90, 161.20, 6.70, 0.00, 0.00, 179.99);
CreateObject(1633, 3395.10, 161.20, 6.70, 0.00, 0.00, 179.99);
CreateObject(1633, 3399.30, 161.20, 6.70, 0.00, 0.00, 179.99);
CreateObject(1633, 3403.50, 161.20, 6.70, 0.00, 0.00, 179.99);
CreateObject(1633, 3390.90, 109.80, 6.70, 0.00, 0.00, 0.00);
CreateObject(1633, 3395.10, 109.80, 6.70, 0.00, 0.00, 0.00);
CreateObject(1633, 3399.30, 109.80, 6.70, 0.00, 0.00, 0.00);
CreateObject(1633, 3403.50, 109.80, 6.70, 0.00, 0.00, 0.00);
CreateObject(1633, 3382.40, 109.80, 6.70, 0.00, 0.00, 0.00);
CreateObject(1633, 3378.20, 109.80, 6.70, 0.00, 0.00, 0.00);
CreateObject(1633, 3374.00, 109.80, 6.70, 0.00, 0.00, 0.00);
CreateObject(1633, 3369.80, 109.80, 6.70, 0.00, 0.00, 0.00);
CreateObject(1225, 3371.20, 154.80, 5.80, 0.00, 0.00, 0.00);
CreateObject(1225, 3389.10, 153.60, 5.80, 0.00, 0.00, 0.00);
CreateObject(1225, 3382.20, 119.20, 5.80, 0.00, 0.00, 0.00);
CreateObject(1225, 3374.30, 118.30, 5.80, 0.00, 0.00, 0.00);
CreateObject(1225, 3398.30, 152.80, 5.80, 0.00, 0.00, 0.00);
CreateObject(1225, 3404.40, 154.90, 5.80, 0.00, 0.00, 0.00);
CreateObject(1225, 3377.60, 154.80, 5.80, 0.00, 0.00, 0.00);
CreateObject(1225, 3383.90, 152.50, 5.80, 0.00, 0.00, 0.00);
CreateObject(1225, 3393.40, 155.40, 5.80, 0.00, 0.00, 0.00);
CreateObject(1225, 3372.80, 156.00, 5.80, 0.00, 0.00, 0.00);
CreateObject(1225, 3368.20, 155.70, 5.80, 0.00, 0.00, 0.00);
CreateObject(1225, 3369.40, 152.10, 5.80, 0.00, 0.00, 0.00);
CreateObject(1225, 3375.50, 154.50, 5.80, 0.00, 0.00, 0.00);
CreateObject(1225, 3373.10, 152.30, 5.80, 0.00, 0.00, 0.00);
CreateObject(1225, 3376.50, 151.10, 5.80, 0.00, 0.00, 0.00);
CreateObject(1225, 3379.90, 155.50, 5.80, 0.00, 0.00, 0.00);
CreateObject(1225, 3382.50, 155.80, 5.80, 0.00, 0.00, 0.00);
CreateObject(1225, 3378.90, 150.60, 5.80, 0.00, 0.00, 0.00);
CreateObject(1225, 3380.00, 153.50, 5.80, 0.00, 0.00, 0.00);
CreateObject(1225, 3397.70, 156.10, 5.80, 0.00, 0.00, 0.00);
CreateObject(1225, 3386.30, 155.70, 5.80, 0.00, 0.00, 0.00);
CreateObject(1225, 3391.20, 155.80, 5.80, 0.00, 0.00, 0.00);
CreateObject(1225, 3382.20, 144.70, 5.80, 0.00, 0.00, 0.00);
CreateObject(1225, 3374.50, 145.60, 5.80, 0.00, 0.00, 0.00);
CreateObject(1225, 3390.40, 146.60, 5.80, 0.00, 0.00, 0.00);
CreateObject(1225, 3402.90, 156.00, 5.80, 0.00, 0.00, 0.00);
CreateObject(1225, 3395.50, 152.60, 5.80, 0.00, 0.00, 0.00);
CreateObject(1225, 3395.60, 143.50, 5.80, 0.00, 0.00, 0.00);
CreateObject(1225, 3387.80, 142.50, 5.80, 0.00, 0.00, 0.00);
CreateObject(1225, 3386.20, 149.50, 5.80, 0.00, 0.00, 0.00);
CreateObject(1225, 3392.50, 151.60, 5.80, 0.00, 0.00, 0.00);
CreateObject(1225, 3396.40, 147.60, 5.80, 0.00, 0.00, 0.00);
CreateObject(1225, 3386.90, 146.10, 5.80, 0.00, 0.00, 0.00);
CreateObject(1225, 3386.30, 124.00, 5.80, 0.00, 0.00, 0.00);
CreateObject(1225, 3399.80, 120.50, 5.80, 0.00, 0.00, 0.00);
CreateObject(1225, 3401.90, 133.20, 5.80, 0.00, 0.00, 0.00);
CreateObject(1225, 3404.80, 136.40, 5.80, 0.00, 0.00, 0.00);
CreateObject(1225, 3404.50, 148.30, 5.80, 0.00, 0.00, 0.00);
CreateObject(1225, 3373.10, 122.80, 5.80, 0.00, 0.00, 0.00);
CreateObject(1225, 3374.90, 135.40, 5.80, 0.00, 0.00, 0.00);
CreateObject(1225, 3386.30, 138.20, 5.80, 0.00, 0.00, 0.00);
CreateObject(1225, 3405.30, 129.80, 5.80, 0.00, 0.00, 0.00);
CreateObject(1225, 3405.00, 120.20, 5.80, 0.00, 0.00, 0.00);
CreateObject(1225, 3396.30, 127.70, 5.80, 0.00, 0.00, 0.00);
CreateObject(1225, 3391.70, 119.20, 5.80, 0.00, 0.00, 0.00);
CreateObject(1225, 3381.50, 131.80, 5.80, 0.00, 0.00, 0.00);
CreateObject(1225, 3392.50, 137.40, 5.80, 0.00, 0.00, 0.00);
CreateObject(1225, 3374.00, 127.20, 5.80, 0.00, 0.00, 0.00);
CreateObject(1225, 3371.90, 137.80, 5.80, 0.00, 0.00, 0.00);
CreateObject(1225, 3371.30, 130.40, 5.80, 0.00, 0.00, 0.00);
CreateObject(1225, 3381.60, 128.40, 5.80, 0.00, 0.00, 0.00);
CreateObject(8343, 3666.50, 166.60, 0.00, 0.00, 345.99, 355.99);
CreateObject(8357, 3671.30, 106.40, 3.40, 0.00, 0.00, 0.00);
CreateObject(8357, 3585.20, -20.00, 3.40, 0.00, 0.00, 269.99);
CreateObject(8357, 3498.90, 106.40, 3.40, 0.00, 0.00, 0.00);
CreateObject(8357, 3498.80, 319.20, 3.40, 0.00, 0.00, 0.00);
CreateObject(8357, 3457.60, 514.20, 3.40, 0.00, 0.00, 24.00);
CreateObject(8357, 3427.00, 706.60, 3.40, 0.00, 0.00, 354.00);
CreateObject(8357, 3212.10, 684.60, 5.40, 0.00, 0.00, 359.98);
CreateObject(7301, 3813.00, 166.60, 13.00, 0.00, 0.00, 132.00);
CreateObject(2659, 3802.40, 166.90, 14.50, 0.00, 0.00, 0.00);
CreateObject(2643, 3823.00, 165.80, 13.20, 0.00, 0.00, 0.00);
CreateObject(18066, 3823.10, 165.80, 12.30, 0.00, 0.00, 0.00);
CreateObject(8330, 3832.70, 165.50, 13.70, 0.00, 0.00, 358.00);
CreateObject(8355, 3294.10, 826.70, 5.40, 0.00, 0.00, 316.00);
CreateObject(8344, 3393.20, 869.80, 5.40, 0.00, 0.00, 221.99);
CreateObject(3814, 3440.50, 820.80, 0.00, 0.00, 0.00, 84.00);
CreateObject(3814, 3443.40, 845.60, 0.00, 0.00, 0.00, 81.99);
CreateObject(7520, 3205.90, 599.50, 5.40, 0.00, 0.00, 90.00);
CreateObject(7971, 3217.30, 746.90, 10.20, 0.00, 0.00, 0.00);
CreateObject(1676, 3209.20, 752.00, 7.20, 0.00, 0.00, 0.00);
CreateObject(1676, 3215.30, 752.00, 7.20, 0.00, 0.00, 0.00);
CreateObject(1676, 3212.70, 752.00, 7.20, 0.00, 0.00, 0.00);
CreateObject(1676, 3206.70, 752.00, 7.20, 0.00, 0.00, 0.00);
CreateObject(1676, 3206.70, 741.20, 7.20, 0.00, 0.00, 0.00);
CreateObject(1676, 3209.20, 741.10, 7.20, 0.00, 0.00, 0.00);
CreateObject(1676, 3215.30, 741.20, 7.20, 0.00, 0.00, 0.00);
CreateObject(1676, 3212.70, 741.10, 7.20, 0.00, 0.00, 0.00);
CreateObject(4199, 3198.30, 667.00, 7.50, 0.00, 0.00, 0.00);
CreateObject(16362, 3197.70, 707.80, 8.50, 0.00, 0.00, 0.00);
CreateObject(987, 3192.30, 578.40, 5.40, 0.00, 0.00, 0.00);
CreateObject(987, 3204.30, 578.40, 5.40, 0.00, 0.00, 0.00);
CreateObject(987, 3216.30, 578.30, 5.40, 0.00, 0.00, 0.00);
CreateObject(987, 3220.30, 578.30, 5.40, 0.00, 0.00, 0.00);
CreateObject(987, 3232.30, 578.20, 5.40, 0.00, 0.00, 90.00);
CreateObject(3749, 3230.60, 635.60, 11.20, 0.00, 0.00, 90.00);
CreateObject(987, 3232.30, 590.20, 5.40, 0.00, 0.00, 90.00);
CreateObject(987, 3232.30, 602.20, 5.40, 0.00, 0.00, 90.00);
CreateObject(987, 3232.30, 614.10, 5.40, 0.00, 0.00, 90.00);
CreateObject(987, 3231.80, 645.50, 5.40, 0.00, 0.00, 90.00);
CreateObject(987, 3231.90, 657.50, 5.40, 0.00, 0.00, 90.00);
CreateObject(3749, 3230.30, 721.00, 11.20, 0.00, 0.00, 90.00);
CreateObject(987, 3231.90, 669.50, 5.40, 0.00, 0.00, 90.00);
CreateObject(987, 3231.90, 681.50, 5.40, 0.00, 0.00, 90.00);
CreateObject(987, 3231.90, 693.50, 5.40, 0.00, 0.00, 90.00);
CreateObject(987, 3231.90, 702.60, 5.40, 0.00, 0.00, 90.00);
CreateObject(987, 3232.30, 731.00, 5.50, 0.00, 0.00, 90.00);
CreateObject(987, 3232.30, 742.90, 5.50, 0.00, 0.00, 90.00);
CreateObject(987, 3232.30, 754.90, 5.50, 0.00, 0.00, 90.00);
CreateObject(987, 3232.30, 766.90, 5.50, 0.00, 0.00, 90.00);
CreateObject(987, 3232.30, 778.90, 5.50, 0.00, 0.00, 90.00);
CreateObject(987, 3232.30, 790.90, 5.50, 0.00, 0.00, 180.00);
CreateObject(987, 3220.30, 791.00, 5.40, 0.00, 0.00, 179.99);
CreateObject(987, 3208.30, 791.00, 5.40, 0.00, 0.00, 179.99);
CreateObject(987, 3203.80, 791.00, 5.40, 0.00, 0.00, 179.99);
CreateObject(987, 3192.30, 790.80, 5.40, 0.00, 0.00, 269.99);
CreateObject(987, 3192.20, 778.80, 5.40, 0.00, 0.00, 269.99);
CreateObject(987, 3192.20, 766.80, 5.40, 0.00, 0.00, 269.99);
CreateObject(987, 3192.30, 754.80, 5.40, 0.00, 0.00, 269.99);
CreateObject(987, 3192.20, 742.80, 5.40, 0.00, 0.00, 269.99);
CreateObject(987, 3192.30, 730.80, 5.40, 0.00, 0.00, 269.99);
CreateObject(987, 3192.20, 718.80, 5.40, 0.00, 0.00, 269.99);
CreateObject(987, 3192.20, 706.80, 5.40, 0.00, 0.00, 269.99);
CreateObject(987, 3192.10, 694.90, 5.40, 0.00, 0.00, 269.99);
CreateObject(987, 3192.10, 683.00, 5.40, 0.00, 0.00, 269.99);
CreateObject(987, 3192.10, 671.00, 5.40, 0.00, 0.00, 269.99);
CreateObject(987, 3192.20, 659.10, 5.40, 0.00, 0.00, 269.99);
CreateObject(987, 3192.20, 647.10, 5.40, 0.00, 0.00, 269.99);
CreateObject(987, 3192.20, 635.10, 5.40, 0.00, 0.00, 269.99);
CreateObject(987, 3192.10, 623.10, 5.40, 0.00, 0.00, 269.99);
CreateObject(987, 3192.20, 611.10, 5.40, 0.00, 0.00, 269.99);
CreateObject(987, 3192.20, 599.10, 5.40, 0.00, 0.00, 269.99);
CreateObject(987, 3192.10, 590.10, 5.50, 0.00, 0.00, 269.99);
CreateObject(3988, 3215.80, 531.80, 14.30, 0.00, 0.00, 179.99);
CreateObject(4004, 3282.40, 853.60, 17.50, 0.00, 0.00, 43.99);
CreateObject(4011, 3329.30, 824.50, 5.40, 0.00, 0.00, 316.00);
CreateObject(4018, 3321.70, 888.80, 5.40, 0.00, 0.00, 46.00);
CreateObject(4022, 3374.70, 875.10, 8.50, 0.00, 0.00, 192.00);
CreateObject(3093, 3373.50, 879.70, 6.80, 0.00, 0.00, 100.00);
CreateObject(4048, 3277.60, 748.90, 17.40, 0.00, 0.00, 272.00);
CreateObject(4058, 3288.20, 650.60, 25.60, 0.00, 0.00, 90.00);
CreateObject(1423, 3268.60, 642.90, 6.40, 0.00, 0.00, 92.00);
CreateObject(1423, 3268.60, 637.10, 6.40, 0.00, 0.00, 92.00);
CreateObject(4060, 3282.20, 545.80, 10.00, 0.00, 0.00, 90.00);
CreateObject(16088, 3252.10, 594.80, 5.40, 0.00, 0.00, 268.00);
CreateObject(987, 3259.70, 594.00, 5.40, 0.00, 0.00, 0.00);
CreateObject(987, 3232.70, 595.00, 5.40, 0.00, 0.00, 0.00);
CreateObject(987, 3271.50, 594.40, 5.40, 0.00, 0.00, 177.99);
CreateObject(987, 3244.50, 595.60, 5.40, 0.00, 0.00, 177.99);
CreateObject(4112, 3331.80, 434.40, 15.80, 0.00, 0.00, 90.00);
CreateObject(4114, 3341.20, 909.60, 15.90, 0.00, 0.00, 154.00);
CreateObject(4117, 3281.90, 468.80, 15.80, 0.00, 0.00, 10.00);
CreateObject(4123, 3502.00, -32.50, 15.00, 0.00, 0.00, 270.00);
CreateObject(4176, 3220.20, 469.00, 10.90, 0.00, 0.00, 92.00);
CreateObject(4555, 3353.90, 254.70, 16.00, 0.00, 0.00, 0.00);
CreateObject(981, 3366.40, 267.60, 5.50, 0.00, 0.00, 89.99);
CreateObject(1237, 3366.70, 262.60, 5.50, 0.00, 0.00, 0.00);
CreateObject(1237, 3366.70, 263.40, 5.50, 0.00, 0.00, 0.00);
CreateObject(1237, 3366.70, 264.20, 5.50, 0.00, 0.00, 0.00);
CreateObject(1237, 3366.70, 265.10, 5.50, 0.00, 0.00, 0.00);
CreateObject(1237, 3366.90, 270.10, 5.50, 0.00, 0.00, 0.00);
CreateObject(1237, 3367.00, 270.90, 5.50, 0.00, 0.00, 0.00);
CreateObject(1237, 3367.00, 271.70, 5.50, 0.00, 0.00, 0.00);
CreateObject(1237, 3367.10, 272.50, 5.50, 0.00, 0.00, 0.00);
CreateObject(4593, 3635.30, 181.30, 3.40, 0.00, 0.00, 180.00);
CreateObject(4683, 3353.90, 111.90, 12.20, 0.00, 0.00, 270.00);
CreateObject(4683, 3353.30, 7.60, 16.80, 0.00, 0.00, 89.99);
CreateObject(4708, 3351.40, -60.40, 14.00, 0.00, 0.00, 268.00);
CreateObject(4877, 3413.40, -157.60, 17.10, 0.00, 0.00, 0.00);
CreateObject(4176, 3355.20, -95.30, 10.90, 0.00, 0.00, 89.99);
CreateObject(4176, 3354.90, -131.90, 10.90, 0.00, 0.00, 89.99);
CreateObject(5140, 3390.90, 871.10, 7.60, 0.00, 0.00, 236.00);
CreateObject(3093, 3395.90, 874.50, 6.80, 0.00, 0.00, 56.00);
CreateObject(5179, 3401.10, 850.60, 8.90, 0.00, 0.00, 226.00);
CreateObject(5140, 3411.80, 843.10, 7.60, 0.00, 0.00, 172.00);
CreateObject(5392, 3395.50, 415.30, 8.70, 0.00, 0.00, 155.99);
CreateObject(5410, 3413.60, 308.10, 8.80, 0.00, 0.00, 270.00);
CreateObject(981, 3407.80, 319.90, 5.40, 0.00, 0.00, 269.99);
CreateObject(5628, 3418.00, 284.70, 9.50, 0.00, 0.00, 90.00);
CreateObject(5709, 3420.10, 213.00, 14.30, 0.00, 0.00, 270.00);
CreateObject(5725, 3410.80, 151.90, 14.60, 0.00, 0.00, 90.00);
CreateObject(5729, 3471.40, 19.10, 7.50, 0.00, 0.00, 357.99);
CreateObject(5730, 3474.90, 49.30, 6.70, 0.00, 356.00, 176.00);
CreateObject(5731, 3477.40, 96.60, 6.50, 0.00, 0.00, 178.00);
CreateObject(5738, 3415.40, 102.70, 20.20, 0.00, 0.00, 272.00);
CreateObject(5761, 3418.30, 385.70, 8.50, 0.00, 0.00, 194.00);
CreateObject(5782, 3420.50, 357.10, 7.70, 0.00, 0.00, 260.00);
CreateObject(5792, 3413.50, 64.90, 18.00, 0.00, 0.00, 267.99);
CreateObject(5848, 3412.10, 34.40, 11.20, 0.00, 0.00, 261.99);
CreateObject(6095, 3816.70, 236.10, 9.60, 0.00, 0.00, 18.00);
CreateObject(6103, 3440.80, -41.20, 11.70, 0.00, 0.00, 90.00);
CreateObject(6104, 3497.00, -93.50, 9.60, 0.00, 0.00, 0.00);
CreateObject(6338, 3557.80, -90.20, 16.80, 0.00, 0.00, 150.00);
CreateObject(4555, 3671.40, -91.80, 16.00, 0.00, 0.00, 270.00);
CreateObject(981, 3683.40, -104.70, 6.30, 0.00, 0.00, 359.99);
CreateObject(1237, 3678.50, -105.20, 5.50, 0.00, 0.00, 0.00);
CreateObject(1237, 3679.30, -105.20, 5.50, 0.00, 0.00, 0.00);
CreateObject(1237, 3680.10, -105.20, 5.50, 0.00, 0.00, 0.00);
CreateObject(1237, 3680.90, -105.30, 5.50, 0.00, 0.00, 0.00);
CreateObject(1237, 3685.90, -105.20, 5.50, 0.00, 0.00, 0.00);
CreateObject(1237, 3686.70, -105.20, 5.50, 0.00, 0.00, 0.00);
CreateObject(1237, 3687.50, -105.20, 5.50, 0.00, 0.00, 0.00);
CreateObject(1237, 3688.30, -105.20, 5.50, 0.00, 0.00, 0.00);
CreateObject(4708, 3776.50, -90.00, 13.70, 0.00, 0.00, 181.99);
CreateObject(5392, 3798.40, -86.10, 8.60, 0.00, 0.00, 77.99);
CreateObject(5392, 3798.40, -86.00, 13.30, 0.00, 0.00, 77.99);
CreateObject(6104, 3800.40, -31.00, 9.50, 0.00, 0.00, 90.00);
CreateObject(5725, 3803.40, 123.00, 14.50, 0.00, 0.00, 269.99);
CreateObject(4683, 3795.30, 58.90, 12.80, 0.00, 0.00, 269.99);
CreateObject(6095, 3863.50, 269.60, 9.60, 0.00, 0.00, 325.99);
CreateObject(5729, 3927.10, 272.10, 9.50, 0.00, 0.00, 265.99);
CreateObject(5179, 3967.70, 267.50, 8.90, 0.00, 0.00, 168.00);
CreateObject(6095, 3999.90, 240.50, 9.60, 0.00, 0.00, 269.99);
CreateObject(8068, 4024.50, 185.20, 12.10, 0.00, 0.00, 172.00);
CreateObject(6095, 3993.30, 158.20, 9.60, 0.00, 0.00, 147.99);
CreateObject(5179, 3943.30, 146.10, 13.10, 0.00, 0.00, 262.00);
CreateObject(5729, 3910.90, 156.50, 15.20, 0.00, 0.00, 87.99);
CreateObject(4683, 3635.20, 78.40, 8.80, 0.00, 0.00, 269.99);
CreateObject(4176, 3639.70, 14.90, 8.90, 0.00, 0.00, 89.99);
CreateObject(6104, 3589.50, 7.50, 7.60, 0.00, 0.00, 0.00);
CreateObject(6103, 3548.20, 63.70, 9.50, 0.00, 0.00, 90.00);
CreateObject(5848, 3525.70, 152.90, 8.60, 0.00, 0.00, 262.00);
CreateObject(5725, 3522.60, 204.80, 12.60, 0.00, 0.00, 90.00);
CreateObject(5792, 3524.40, 253.60, 16.00, 0.00, 0.00, 269.99);
CreateObject(5410, 3524.60, 305.40, 6.80, 0.00, 0.00, 270.00);
CreateObject(981, 3518.20, 317.30, 3.40, 0.00, 0.00, 269.99);
CreateObject(8068, 3524.70, 362.20, 10.10, 0.00, 0.00, 180.00);
CreateObject(5729, 3521.10, 410.20, 7.50, 0.00, 0.00, 187.99);
CreateObject(5761, 3508.00, 450.90, 6.50, 0.00, 0.00, 204.00);
CreateObject(5392, 3490.20, 480.90, 6.70, 0.00, 0.00, 131.99);
CreateObject(4112, 3467.40, 547.10, 13.80, 0.00, 0.00, 24.00);
CreateObject(4048, 3446.80, 619.00, 15.40, 0.00, 0.00, 274.00);
CreateObject(4114, 3447.70, 672.30, 13.90, 0.00, 0.00, 24.00);
CreateObject(4004, 3451.80, 711.30, 15.50, 0.00, 0.00, 261.99);
CreateObject(4018, 3462.20, 797.30, 1.10, 0.00, 0.00, 258.00);
CreateObject(5140, 3472.70, 838.00, 8.30, 0.00, 0.00, 352.00);
CreateObject(4011, 3541.60, -155.80, 3.20, 0.00, 0.00, 270.00);
CreateObject(4114, 3387.30, 923.60, 15.90, 0.00, 0.00, 116.00);
CreateObject(5729, 3432.10, 901.60, 9.50, 0.00, 0.00, 223.99);
CreateObject(18265, 3465.30, 868.20, 5.40, 0.00, 0.00, 36.00);
CreateObject(6095, 3243.70, 414.10, 9.60, 0.00, 0.00, 77.99);
CreateObject(5628, 3304.20, 373.80, 9.50, 0.00, 0.00, 344.00);
CreateObject(5179, 3314.50, 381.10, 8.90, 0.00, 0.00, 8.00);
CreateObject(4176, 3346.70, 379.80, 10.90, 0.00, 0.00, 177.99);
CreateObject(5729, 3358.10, 363.90, 9.50, 0.00, 2.00, 359.99);
CreateObject(5179, 3360.50, 371.10, 8.90, 0.00, 0.00, 271.99);
CreateObject(5179, 3361.50, 367.30, 8.90, 0.00, 0.00, 271.99);
CreateObject(5179, 3364.80, 367.30, 8.90, 0.00, 0.00, 271.99);
CreateObject(5179, 3361.40, 367.40, 8.90, 0.00, 0.00, 183.99);
CreateObject(3988, 3399.20, 787.80, 12.30, 0.00, 0.00, 173.99);
CreateObject(4555, 3421.90, 515.10, 14.00, 0.00, 358.00, 24.00);
CreateObject(981, 3428.40, 530.50, 3.90, 0.00, 0.00, 113.99);
CreateObject(1237, 3430.20, 525.90, 3.90, 0.00, 0.00, 0.00);
CreateObject(1237, 3429.90, 526.60, 3.90, 0.00, 0.00, 0.00);
CreateObject(1237, 3429.60, 527.30, 3.90, 0.00, 0.00, 0.00);
CreateObject(1237, 3429.20, 528.10, 3.90, 0.00, 0.00, 0.00);
CreateObject(1237, 3427.50, 532.90, 3.90, 0.00, 0.00, 0.00);
CreateObject(1237, 3427.10, 533.70, 3.90, 0.00, 0.00, 0.00);
CreateObject(1237, 3426.80, 534.50, 3.90, 0.00, 0.00, 0.00);
CreateObject(1237, 3426.50, 535.20, 3.90, 0.00, 0.00, 0.00);
CreateObject(4683, 3393.10, 690.50, 14.50, 0.00, 0.00, 85.99);
CreateObject(4176, 3389.50, 620.70, 8.90, 0.00, 0.00, 83.99);
CreateObject(4176, 3465.30, 416.30, 8.90, 0.00, 0.00, 289.99);
CreateObject(5725, 3473.90, 373.20, 12.60, 0.00, 0.00, 90.00);
CreateObject(5725, 3477.80, 313.10, 12.60, 0.00, 0.00, 270.00);
CreateObject(5725, 3473.70, 253.40, 12.60, 0.00, 0.00, 90.00);
CreateObject(5410, 3474.70, 189.90, 6.80, 0.00, 0.00, 90.00);
CreateObject(981, 3480.60, 178.10, 3.40, 0.00, 0.00, 89.99);
CreateObject(5729, 3473.60, 140.90, 7.50, 0.00, 0.00, 359.99);
CreateObject(4877, 3588.00, -52.40, 12.10, 0.00, 0.00, 0.00);
CreateObject(8068, 3659.80, -44.00, 10.10, 0.00, 0.00, 270.00);
CreateObject(4011, 3696.10, 39.10, 1.20, 0.00, 0.00, 359.99);
CreateObject(5729, 3696.50, 124.10, 7.50, 0.00, 0.00, 179.99);
CreateObject(4176, 3699.30, 155.20, 8.90, 0.00, 0.00, 89.99);
CreateObject(5729, 3735.60, 164.00, 15.20, 0.00, 0.00, 85.99);
CreateObject(5848, 3846.20, 125.90, 8.40, 0.00, 0.00, 261.99);
CreateObject(5792, 3846.50, 83.30, 17.90, 0.00, 0.00, 267.99);
CreateObject(6104, 3850.30, 25.20, 9.50, 0.00, 0.00, 270.00);
CreateObject(6104, 3850.20, -51.60, 9.50, 0.00, 0.00, 270.00);
CreateObject(5392, 3832.90, -106.60, 8.60, 0.00, 0.00, 77.99);
CreateObject(4877, 3653.70, -156.90, 16.20, 0.00, 0.00, 0.00);
CreateObject(5848, 3804.20, -137.30, 9.10, 0.00, 0.00, 200.00);
CreateObject(4176, 3761.90, -154.20, 10.80, 0.00, 0.00, 177.99);
CreateObject(4176, 3724.80, -153.10, 10.80, 0.00, 0.00, 357.99);
CreateObject(18228, 3864.00, 212.80, 0.00, 0.00, 358.00, 144.00);
CreateObject(744, 3868.60, 229.40, 1.30, 0.00, 0.00, 0.00);
CreateObject(744, 3866.20, 227.30, 0.90, 0.00, 0.00, 0.00);
CreateObject(744, 3863.00, 228.50, 1.20, 0.00, 0.00, 0.00);
CreateObject(18228, 3904.50, 210.30, 0.00, 0.00, 357.99, 140.00);
CreateObject(744, 3886.00, 227.60, 2.80, 0.00, 0.00, 0.00);
CreateObject(744, 3886.90, 224.30, 1.70, 0.00, 0.00, 0.00);
CreateObject(744, 3889.00, 227.10, 2.30, 0.00, 0.00, 0.00);
CreateObject(744, 3892.50, 226.80, 3.60, 0.00, 0.00, 0.00);
CreateObject(744, 3904.20, 226.10, 1.90, 0.00, 0.00, 0.00);
CreateObject(744, 3906.70, 223.00, 3.80, 0.00, 0.00, 0.00);
CreateObject(744, 3905.80, 225.20, 0.50, 0.00, 0.00, 0.00);
CreateObject(744, 3909.40, 224.80, 2.70, 0.00, 0.00, 0.00);
CreateObject(744, 3928.50, 224.10, 0.00, 0.00, 0.00, 0.00);
CreateObject(744, 3929.70, 220.80, 0.40, 0.00, 0.00, 0.00);
CreateObject(744, 3934.30, 221.70, 0.00, 0.00, 0.00, 0.00);
CreateObject(744, 3931.80, 224.30, 0.00, 0.00, 0.00, 0.00);
CreateObject(18228, 3937.50, 198.70, 0.00, 0.00, 357.99, 139.99);
CreateObject(18228, 3958.40, 208.50, 0.00, 0.00, 357.99, 67.99);
CreateObject(744, 3940.00, 214.40, 0.00, 0.00, 0.00, 0.00);
CreateObject(744, 3944.30, 217.00, 0.00, 0.00, 0.00, 0.00);
CreateObject(744, 3940.60, 218.70, 0.00, 0.00, 0.00, 0.00);
CreateObject(744, 3943.70, 221.30, 0.00, 0.00, 0.00, 0.00);
CreateObject(744, 3973.60, 210.10, 0.10, 0.00, 0.00, 0.00);
CreateObject(744, 3979.00, 203.80, 0.00, 0.00, 0.00, 0.00);
CreateObject(744, 3977.30, 208.70, 0.00, 0.00, 0.00, 0.00);
CreateObject(744, 3975.10, 213.60, 1.20, 0.00, 0.00, 0.00);
CreateObject(688, 3857.50, 214.90, 13.00, 0.00, 0.00, 0.00);
CreateObject(688, 3866.40, 222.60, 6.00, 0.00, 0.00, 0.00);
CreateObject(688, 3898.40, 214.20, 13.50, 0.00, 0.00, 0.00);
CreateObject(688, 3881.40, 218.80, 9.00, 0.00, 0.00, 0.00);
CreateObject(688, 3943.00, 223.20, 5.60, 0.00, 0.00, 0.00);
CreateObject(688, 3921.90, 213.90, 9.00, 0.00, 0.00, 0.00);
CreateObject(688, 3899.10, 228.10, 5.80, 0.00, 0.00, 0.00);
CreateObject(688, 3937.90, 207.20, 11.90, 0.00, 0.00, 0.00);
CreateObject(688, 3965.60, 196.40, 9.60, 0.00, 0.00, 0.00);
CreateObject(688, 3959.10, 217.10, 7.90, 0.00, 0.00, 0.00);
CreateObject(688, 3970.50, 212.40, 5.30, 0.00, 0.00, 0.00);
CreateObject(688, 3948.90, 196.00, 9.80, 0.00, 0.00, 0.00);
CreateObject(1634, 3485.30, 154.90, 4.70, 0.00, 0.00, 0.00);
CreateObject(1634, 3489.20, 154.90, 4.70, 0.00, 0.00, 0.00);
CreateObject(1634, 3493.30, 154.90, 4.70, 0.00, 0.00, 0.00);
CreateObject(1634, 3497.40, 154.90, 4.70, 0.00, 0.00, 0.00);
CreateObject(1634, 3501.50, 154.90, 4.70, 0.00, 0.00, 0.00);
CreateObject(1634, 3505.60, 154.80, 4.70, 0.00, 0.00, 0.00);
CreateObject(1634, 3509.80, 154.80, 4.70, 0.00, 0.00, 0.00);
CreateObject(1634, 3514.00, 154.80, 4.70, 0.00, 0.00, 0.00);
CreateObject(1634, 3518.20, 154.80, 4.70, 0.00, 0.00, 0.00);
CreateObject(18566, 3485.60, 165.90, 4.30, 0.00, 0.00, 0.00);
CreateObject(18566, 3491.40, 170.90, 4.30, 0.00, 0.00, 0.00);
CreateObject(18566, 3493.30, 162.70, 4.30, 0.00, 0.00, 0.00);
CreateObject(18566, 3498.10, 168.70, 4.30, 0.00, 0.00, 0.00);
CreateObject(18566, 3501.30, 163.00, 4.30, 0.00, 0.00, 0.00);
CreateObject(18566, 3504.70, 168.00, 4.30, 0.00, 0.00, 0.00);
CreateObject(18566, 3508.80, 162.70, 4.30, 0.00, 0.00, 0.00);
CreateObject(18566, 3515.00, 162.20, 4.30, 0.00, 0.00, 0.00);
CreateObject(18566, 3510.90, 167.20, 4.30, 0.00, 0.00, 0.00);
CreateObject(18566, 3517.00, 167.40, 4.30, 0.00, 0.00, 0.00);
CreateObject(1225, 3497.10, 165.20, 3.80, 0.00, 0.00, 0.00);
CreateObject(1225, 3505.70, 165.30, 3.80, 0.00, 0.00, 0.00);
CreateObject(1225, 3483.60, 169.90, 3.80, 0.00, 0.00, 0.00);
CreateObject(1225, 3485.10, 161.20, 3.80, 0.00, 0.00, 0.00);
CreateObject(1225, 3501.90, 164.00, 3.80, 0.00, 0.00, 0.00);
CreateObject(1225, 3500.50, 160.20, 3.80, 0.00, 0.00, 0.00);
CreateObject(1225, 3494.50, 160.20, 3.80, 0.00, 0.00, 0.00);
CreateObject(1225, 3491.10, 168.20, 3.80, 0.00, 0.00, 0.00);
CreateObject(1225, 3507.90, 168.50, 3.80, 0.00, 0.00, 0.00);
CreateObject(1225, 3511.80, 163.20, 3.80, 0.00, 0.00, 0.00);
CreateObject(13590, 3511.20, 194.60, 5.80, 0.00, 0.00, 92.00);
CreateObject(5130, 3197.90, 637.80, 8.40, 0.00, 0.00, 314.00);
CreateObject(4199, 3186.20, 636.30, 9.50, 0.00, 0.00, 180.00);
CreateObject(4199, 3174.80, 636.40, 9.50, 0.00, 0.00, 179.99);
CreateObject(5268, 3180.40, 637.00, 12.20, 0.00, 0.00, 136.00);
CreateObject(985, 3187.80, 648.00, 11.60, 0.00, 0.00, 0.00);
CreateObject(985, 3180.00, 648.00, 11.60, 0.00, 0.00, 0.00);
CreateObject(985, 3172.10, 647.80, 11.60, 0.00, 0.00, 0.00);
CreateObject(985, 3191.70, 644.10, 11.60, 0.00, 0.00, 90.00);
CreateObject(985, 3168.80, 643.70, 11.60, 0.00, 0.00, 90.00);
CreateObject(985, 3168.80, 635.80, 11.60, 0.00, 0.00, 90.00);
CreateObject(985, 3168.80, 629.80, 11.60, 0.00, 0.00, 90.00);
CreateObject(985, 3172.80, 625.90, 11.60, 0.00, 0.00, 182.00);
CreateObject(985, 3180.60, 626.10, 11.60, 0.00, 0.00, 182.00);
CreateObject(985, 3188.10, 626.40, 11.60, 0.00, 0.00, 182.00);
CreateObject(985, 3191.70, 630.30, 11.60, 0.00, 0.00, 90.00);
CreateObject(985, 3191.90, 632.20, 11.60, 0.00, 0.00, 90.00);
CreateObject(985, 3191.70, 643.50, 11.60, 0.00, 0.00, 90.00);
CreateObject(1315, 3255.50, 595.40, 8.70, 0.00, 0.00, 0.00);
CreateObject(1315, 3248.90, 595.70, 8.70, 0.00, 0.00, 178.00);
CreateObject(13593, 3434.70, 523.70, 4.10, 0.00, 0.00, 22.00);
CreateObject(13593, 3437.20, 524.80, 4.10, 0.00, 0.00, 21.99);
CreateObject(13593, 3439.70, 525.90, 4.10, 0.00, 0.00, 21.99);
CreateObject(13593, 3442.30, 527.00, 4.10, 0.00, 0.00, 21.99);
CreateObject(13593, 3444.90, 528.10, 4.10, 0.00, 0.00, 21.99);
CreateObject(13593, 3447.50, 529.20, 4.10, 0.00, 0.00, 21.99);
CreateObject(13593, 3450.00, 530.30, 4.10, 0.00, 0.00, 21.99);
CreateObject(13593, 3452.50, 531.40, 4.10, 0.00, 0.00, 21.99);
CreateObject(13593, 3455.00, 532.50, 4.10, 0.00, 0.00, 21.99);
CreateObject(13593, 3457.60, 533.60, 4.10, 0.00, 0.00, 21.99);
CreateObject(13593, 3460.20, 534.70, 4.10, 0.00, 0.00, 21.99);
CreateObject(13593, 3462.70, 535.80, 4.10, 0.00, 0.00, 21.99);
CreateObject(1649, 3434.70, 525.70, 6.50, 0.00, 0.00, 24.00);
CreateObject(1649, 3438.70, 527.50, 6.50, 0.00, 0.00, 24.00);
CreateObject(1649, 3442.70, 529.30, 6.50, 0.00, 0.00, 24.00);
CreateObject(1649, 3446.80, 531.00, 6.50, 0.00, 0.00, 24.00);
CreateObject(1649, 3450.80, 532.80, 6.50, 0.00, 0.00, 24.00);
CreateObject(1649, 3454.80, 534.50, 6.50, 0.00, 0.00, 24.00);
CreateObject(1649, 3458.80, 536.20, 6.50, 0.00, 0.00, 24.00);
CreateObject(1649, 3462.90, 537.80, 6.60, 0.00, 0.00, 24.00);
CreateObject(3607, -1109.90, -1674.70, 81.50, 0.00, 0.00, 182.00);
CreateObject(6522, -1003.00, -1628.70, 84.00, 0.00, 0.00, 0.00);
CreateObject(3749, -942.40, -1720.30, 82.40, 0.00, 0.00, 270.00);
CreateObject(3749, -943.10, -1626.90, 85.50, 0.00, 0.00, 269.99);
CreateObject(8355, 3123.70, 603.40, 11.40, 0.00, 0.00, 270.00);
CreateObject(7096, 3202.50, 584.50, 9.70, 0.00, 0.00, 180.00);
CreateObject(3665, 3160.40, 580.80, 13.40, 0.00, 0.00, 270.00);
CreateObject(8355, 3123.30, 563.50, 11.40, 0.00, 0.00, 270.00);
CreateObject(3749, 3190.30, 594.50, 17.30, 0.00, 0.00, 90.00);
CreateObject(987, 3191.50, 604.30, 11.40, 0.00, 0.00, 90.00);
CreateObject(987, 3191.60, 608.70, 11.40, 0.00, 0.00, 90.00);
CreateObject(987, 3191.50, 620.50, 11.40, 0.00, 0.00, 179.99);
CreateObject(987, 3179.50, 620.40, 11.40, 0.00, 0.00, 179.99);
CreateObject(987, 3167.50, 620.40, 11.40, 0.00, 0.00, 179.99);
CreateObject(987, 3155.50, 620.40, 11.40, 0.00, 0.00, 179.99);
CreateObject(8675, 836.20, -2060.30, 20.90, 0.00, 0.00, 0.00);
CreateObject(7033, 836.60, -2009.90, 16.40, 0.00, 0.00, 0.00);
CreateObject(4639, 822.00, -2003.80, 13.60, 0.00, 0.00, 0.00);
CreateObject(4639, 851.10, -2003.90, 13.60, 0.00, 0.00, 0.00);
CreateObject(4639, 851.30, -2015.90, 13.60, 0.00, 0.00, 180.00);
CreateObject(4639, 821.90, -2015.80, 13.60, 0.00, 0.00, 179.99);
CreateObject(3471, 836.60, -2004.00, 13.10, 0.00, 0.00, 90.00);
CreateObject(3471, 836.60, -2015.70, 13.10, 0.00, 0.00, 272.00);
CreateObject(8132, 850.70, -2010.00, 14.50, 0.00, 0.00, 12.00);
CreateObject(8132, 822.00, -2010.00, 14.50, 0.00, 0.00, 12.00);
CreateObject(8406, 836.80, -2058.90, 16.00, 0.00, 0.00, 0.00);