CreateObject(14795, 219.80000305176, -2430.1000976563, 14.60000038147, 0, 0, 358);
CreateObject(987, 238.89999389648, -2401.1999511719, 19.89999961853, 0, 0, 354);
CreateObject(987, 227, -2401.1999511719, 19.89999961853, 0, 0, 0);
CreateObject(987, 215.19999694824, -2401.1999511719, 19.89999961853, 0, 0, 0);
CreateObject(987, 203.39999389648, -2401.1999511719, 19.89999961853, 0, 0, 0);
CreateObject(987, 191.5, -2401.1999511719, 19.89999961853, 0, 0, 0);
CreateObject(987, 188.60000610352, -2401.1999511719, 19.89999961853, 0, 0, 0);
CreateObject(987, 188.19999694824, -2413.3000488281, 19.89999961853, 0, 0, 88);
CreateObject(987, 187.89999389648, -2425.3000488281, 19.89999961853, 0, 0, 87.994995117188);
CreateObject(987, 187.89999389648, -2437.1000976563, 19.89999961853, 0, 0, 89.994995117188);
CreateObject(987, 187.80000305176, -2449.1000976563, 19.89999961853, 0, 0, 89.994506835938);
CreateObject(987, 188.39999389648, -2459, 19.89999961853, 0, 0, 93.994506835938);
CreateObject(987, 200.10000610352, -2459.5, 19.89999961853, 0, 0, 177.99353027344);
CreateObject(987, 212.10000610352, -2460.1000976563, 19.89999961853, 0, 0, 177.98950195313);
CreateObject(987, 224.19999694824, -2459.8000488281, 19.89999961853, 0, 0, 179.98950195313);
CreateObject(987, 235.89999389648, -2459.3999023438, 19.89999961853, 0, 0, 181.98852539063);
CreateObject(987, 247.5, -2458.8999023438, 19.89999961853, 0, 0, 181.98852539063);
CreateObject(987, 250.5, -2458.8000488281, 19.89999961853, 0, 0, 181.98852539063);
CreateObject(987, 251.19999694824, -2447, 19.89999961853, 0, 0, 267.98852539063);
CreateObject(987, 251.30000305176, -2435.6999511719, 19.89999961853, 0, 0, 269.98400878906);
CreateObject(987, 251.30000305176, -2424.3000488281, 19.89999961853, 0, 0, 269.98352050781);
CreateObject(987, 251.10000610352, -2413.6000976563, 19.89999961853, 0, 0, 269.98352050781);
CreateObject(987, 251.39999389648, -2402.5, 19.89999961853, 0, 0, 269.98400878906);
CreateObject(989, 249.5, -2402.6000976563, 18.10000038147, 0, 0, 284);
CreateObject(18226, 2168.4102, 1019.1840, 467.9957, 0.0000, 0.0000, 160.0000);
CreateObject(18226, 2115.2781, 1037.3486, 465.5329, 0.0000, 0.0000, 237.9994);
CreateObject(18226, 2110.3613, 1123.2876, 466.0637, 0.0000, 0.0000, 59.9968);
CreateObject(18226, 2187.5486, 1120.3668, 459.6950, 0.0000, 0.0000, 59.9963);
CreateObject(18226, 2231.1484, 1121.5026, 468.3132, 0.0000, 0.0000, 59.9963);
CreateObject(18226, 2264.1213, 1061.5715, 466.1698, 0.0000, 0.0000, 345.9963);
CreateObject(18226, 2272.9265, 1008.0490, 464.1719, 0.0000, 0.0000, 341.9924);
CreateObject(18226, 2172.2007, 966.1222, 467.9900, 0.0000, 0.0000, 159.9994);
CreateObject(18226, 2192.3796, 908.2985, 463.1314, 0.0000, 0.0000, 249.9994);
CreateObject(18226, 2264.8188, 943.3011, 464.3132, 0.0000, 0.0000, 323.9939);
CreateObject(18226, 2069.4663, 1036.0905, 464.3384, 0.0000, 0.0000, 237.9968);
CreateObject(18226, 2045.2092, 1101.2853, 466.2982, 0.0000, 0.0000, 159.9963);
CreateObject(6959, 2179.5337, 933.3171, 501.1898, 270.2220, 0.0000, 274.0000);
CreateObject(6959, 2176.9551, 973.4858, 501.1018, 270.2194, 0.0000, 273.9990);
CreateObject(6959, 2174.2354, 1012.3652, 501.1619, 270.2194, 0.0000, 273.9990);
CreateObject(6959, 2152.1831, 1034.3707, 501.1880, 270.2194, 0.0000, 356.2010);
CreateObject(6959, 2111.6870, 1037.0154, 501.1645, 270.2140, 0.0000, 356.1987);
CreateObject(6959, 2072.6516, 1039.5872, 501.2068, 270.2140, 0.0000, 356.1987);
CreateObject(6959, 2051.3647, 1061.3431, 501.1454, 270.2140, 0.0000, 272.1987);
CreateObject(6959, 2049.7886, 1102.2291, 501.1698, 270.2084, 0.0000, 272.1973);
CreateObject(6959, 2069.0425, 1122.7413, 501.1345, 270.2084, 0.0000, 180.1973);
CreateObject(6959, 2109.5215, 1122.8806, 501.1332, 270.2084, 0.0000, 180.1923);
CreateObject(6959, 2148.7139, 1123.0315, 501.1783, 270.2084, 0.0000, 180.1923);
CreateObject(6959, 2188.8784, 1123.1716, 501.2444, 270.2084, 0.0000, 180.1923);
CreateObject(6959, 2229.4143, 1123.3292, 501.3463, 270.2084, 0.0000, 180.1923);
CreateObject(6959, 2252.1299, 1103.4778, 501.4297, 270.2084, 0.0000, 96.1923);
CreateObject(6959, 2256.7581, 1062.5613, 501.4892, 270.2084, 0.0000, 96.7769);
CreateObject(6959, 2261.3748, 1022.0999, 501.4720, 270.2084, 0.0000, 96.1908);
CreateObject(6959, 2265.7524, 981.8435, 501.5280, 270.2084, 0.0000, 96.1908);
CreateObject(6959, 2270.1575, 941.1846, 501.5094, 270.2084, 0.0000, 96.1908);
CreateObject(6959, 2200.2358, 915.9840, 501.4638, 270.2084, 0.0000, 184.1908);
CreateObject(6959, 2233.7119, 918.1227, 501.5240, 270.2037, 0.0000, 184.1858);
CreateObject(18226, 2265.7888, 907.9717, 470.8265, 0.0000, 0.0000, 323.9923);
CreateObject(6959, 2261.0906, 920.1353, 501.4396, 270.2032, 0.0000, 184.1858);
CreateObject(16771, 2093.8022, 1078.4236, 480.5772, 0.0000, 0.0000, 270.0000);
CreateObject(16771, 2220.8096, 956.5023, 480.5663, 0.0000, 0.0000, 6.0000);
CreateObject(18364, 2204.3254, 1073.1802, 481.2100, 1.3940, 0.0000, 0.0000);
CreateObject(18364, 2231.3511, 986.3998, 480.4577, 0.0000, 0.0000, 334.0000);
CreateObject(18364, 2105.0642, 1093.9668, 481.5258, 0.0000, 0.0000, 176.0000);
CreateObject(3887, 2168.4275, 1052.5034, 482.2144, 0.0000, 0.0000, 224.0000);
CreateObject(3866, 2232.6201, 1094.7625, 483.6255, 0.0000, 0.0000, 48.0000);
CreateObject(3932, 2100.4778, 1060.3374, 477.3600, 0.0000, 0.0000, 90.0000);
CreateObject(3932, 2094.6094, 1060.3492, 477.3169, 0.0000, 0.0000, 90.0000);
CreateObject(3932, 2201.7158, 964.1614, 476.3360, 0.0000, 0.0000, 5.7780);
CreateObject(3932, 2202.3037, 958.3357, 476.3389, 0.0000, 0.0000, 5.7733);
CreateObject(1271, 2239.1365, 1089.7848, 476.4962, 0.0000, 0.0000, 0.0000);
CreateObject(1271, 2239.4802, 1089.4331, 477.1154, 0.0000, 0.0000, 330.0000);
CreateObject(1271, 2239.8584, 1088.9558, 477.7632, 0.0000, 0.0000, 359.9963);
CreateObject(18257, 2236.5657, 1096.3572, 475.9556, 0.0000, 0.0000, 268.0000);
CreateObject(923, 2228.5549, 1082.2175, 484.7065, 0.0000, 0.0000, 340.0000);
CreateObject(923, 2231.3269, 1080.6478, 484.7305, 0.0000, 0.0000, 257.9994);
CreateObject(923, 2229.7859, 1081.1530, 480.6305, 0.0000, 0.0000, 317.9974);
CreateObject(944, 2223.6587, 1082.0431, 476.5714, 0.0000, 0.0000, 8.0000);
CreateObject(944, 2184.8733, 1041.9982, 486.1780, 0.0000, 0.0000, 7.9980);
CreateObject(944, 2174.6052, 1055.0468, 481.9195, 0.0000, 0.0000, 251.9980);
CreateObject(923, 2164.2183, 1063.2644, 481.9144, 0.0000, 0.0000, 351.9938);
CreateObject(3865, 2210.2415, 1059.8428, 476.5512, 0.0000, 0.0000, 34.0000);
CreateObject(3865, 2198.8540, 1071.7733, 476.8567, 0.0000, 0.0000, 310.0000);
CreateObject(3470, 2221.8379, 1086.6173, 479.8245, 0.0000, 0.0000, 228.0000);
CreateObject(3470, 2219.1978, 1089.0161, 485.4190, 0.0000, 0.0000, 227.9993);
CreateObject(3470, 2216.5972, 1091.3125, 490.8091, 0.0000, 0.0000, 227.9993);
CreateObject(3470, 2221.6338, 1086.7882, 490.5766, 0.0000, 0.0000, 227.9993);
CreateObject(3470, 2222.2825, 1098.7987, 483.0702, 0.0000, 0.0000, 137.9992);
CreateObject(3470, 2220.2390, 1096.3290, 487.2213, 0.0000, 0.0000, 137.9938);
CreateObject(3470, 2226.9229, 1103.8453, 490.9709, 0.0000, 0.0000, 137.9938);
CreateObject(3470, 2224.7007, 1101.3376, 487.6267, 0.0000, 0.0000, 137.9938);
CreateObject(923, 2244.2312, 1120.5092, 489.7705, 359.4633, 332.3247, 317.7123);
CreateObject(923, 2239.5986, 1120.0105, 491.6124, 2.8661, 32.3667, 356.1753);
CreateObject(923, 2240.9099, 1116.3312, 487.5104, 359.4617, 332.3199, 317.7081);
CreateObject(3633, 2157.9792, 1063.0842, 480.8881, 0.0000, 0.0000, 76.2585);
CreateObject(3633, 2157.6138, 1064.6287, 480.8660, 0.0000, 0.0000, 50.2561);
CreateObject(923, 2157.8816, 1063.5125, 482.2554, 0.0000, 0.0000, 277.9910);
CreateObject(3633, 2175.1426, 1078.0238, 476.7163, 0.0000, 0.0000, 50.2515);
CreateObject(3799, 2201.0125, 1054.3734, 474.8289, 0.0000, 0.0000, 342.0000);
CreateObject(3576, 2189.2009, 1038.8822, 491.8418, 0.0000, 0.0000, 80.0000);
CreateObject(3632, 2175.1440, 1079.2863, 476.5998, 44.0000, 0.0000, 0.0000);
CreateObject(3632, 2157.0557, 1065.7665, 480.4790, 78.0000, 0.0000, 34.0000);
CreateObject(3632, 2168.4211, 1061.9651, 481.5095, 0.0000, 0.0000, 0.0000);
CreateObject(3632, 2229.1907, 1093.5858, 476.4297, 0.0000, 0.0000, 0.0000);
CreateObject(3632, 2228.3989, 1093.3439, 476.3712, 48.0000, 0.0000, 106.0000);
CreateObject(3630, 2173.4817, 1052.2910, 476.3265, 0.0000, 0.0000, 260.0000);
CreateObject(1271, 2173.9026, 1051.4015, 476.6745, 0.0000, 0.0000, 347.9945);
CreateObject(5118, 2172.4373, 1085.2030, 475.7960, 0.0000, 0.0000, 0.0000);
CreateObject(5118, 2219.0181, 1023.1607, 474.7198, 0.0000, 0.0000, 318.0000);
CreateObject(11446, 2176.6411, 1097.0035, 476.0381, 0.0000, 0.0000, 22.0000);
CreateObject(11445, 2228.0269, 1036.6407, 474.7077, 0.0000, 0.0000, 40.0000);
CreateObject(11442, 2223.3789, 1054.8241, 475.0300, 0.0000, 0.0000, 328.0000);
CreateObject(11445, 2209.6897, 1076.5476, 475.7758, 0.0000, 0.0000, 239.9957);
CreateObject(3524, 2115.7996, 1064.7758, 476.8399, 0.0000, 0.0000, 100.0000);
CreateObject(3524, 2115.7886, 1092.3663, 476.7373, 0.0000, 0.0000, 89.9976);
CreateObject(3524, 2204.8616, 976.9153, 476.2158, 0.0000, 0.0000, 185.9945);
CreateObject(3524, 2231.8335, 979.8594, 476.0437, 0.0000, 0.0000, 185.9930);
CreateObject(2985, 2190.5486, 1040.1667, 491.8208, 0.0000, 0.0000, 22.6459);
CreateObject(745, 2244.6599, 1030.8129, 474.7141, 0.0000, 0.0000, 200.0000);
CreateObject(745, 2241.0400, 1029.2018, 473.8849, 0.0000, 0.0000, 199.9951);
CreateObject(745, 2236.7292, 1026.3438, 473.6748, 0.0000, 0.0000, 199.9951);
CreateObject(745, 2234.4214, 1023.2529, 473.8469, 0.0000, 0.0000, 279.9951);
CreateObject(745, 2237.3594, 1024.6936, 473.5788, 0.0000, 0.0000, 327.9921);
CreateObject(745, 2243.1384, 1025.7981, 473.5090, 0.0000, 0.0000, 327.9913);
CreateObject(745, 2237.7102, 1031.7114, 473.5308, 0.0000, 0.0000, 359.9913);
CreateObject(745, 2242.4185, 1038.7572, 473.8115, 0.0000, 0.0000, 359.9890);
CreateObject(745, 2237.4565, 1046.2800, 473.8360, 0.0000, 0.0000, 61.9890);
CreateObject(745, 2248.8691, 1048.6693, 473.9538, 0.0000, 0.0000, 325.9890);
CreateObject(745, 2224.3643, 1046.7549, 472.8659, 0.0000, 0.0000, 61.9849);
CreateObject(745, 2193.1228, 1059.3630, 472.7120, 0.0000, 0.0000, 61.9849);
CreateObject(745, 2192.7656, 1095.9824, 474.6360, 0.0000, 0.0000, 121.9849);
CreateObject(3585, 2183.8240, 1090.1615, 477.4851, 0.0000, 0.0000, 0.0000);
CreateObject(3585, 2218.3655, 1024.9951, 476.3040, 0.0000, 0.0000, 317.3939);
CreateObject(3632, 2183.7659, 1091.9146, 476.2080, 69.7153, 0.0000, 5.9972);
CreateObject(3632, 2217.2449, 1023.6417, 475.0196, 69.7137, 0.0000, 139.9930);
CreateObject(7416, 4095.2422, -2121.6992, 1.0000, 0.0000, 0.0000, 0.0000);
CreateObject(980, 4052.7883, -2088.3184, 3.2812, 0.0000, 0.0000, 270.0000);
CreateObject(980, 4058.5405, -2082.4111, 3.2812, 0.0000, 0.0000, 0.0000);
CreateObject(980, 4070.1111, -2082.4302, 3.2812, 0.0000, 0.0000, 0.0000);
CreateObject(980, 4133.9458, -2088.2383, 3.2812, 0.0000, 0.0000, 270.0000);
CreateObject(980, 4081.7373, -2082.4463, 3.2812, 0.0000, 0.0000, 0.0000);
CreateObject(980, 4093.3311, -2082.4424, 3.2812, 0.0000, 0.0000, 0.0000);
CreateObject(980, 4104.9229, -2082.4521, 3.2812, 0.0000, 0.0000, 0.0000);
CreateObject(980, 4116.5166, -2082.4414, 3.2812, 0.0000, 0.0000, 0.0000);
CreateObject(980, 4128.1123, -2082.4502, 3.2812, 0.0000, 0.0000, 0.0000);
CreateObject(980, 4133.9712, -2099.8240, 3.2812, 0.0000, 0.0000, 270.0000);
CreateObject(980, 4133.9956, -2111.4253, 3.2812, 0.0000, 0.0000, 270.0000);
CreateObject(980, 4134.0181, -2122.9968, 3.2812, 0.0000, 0.0000, 270.0000);
CreateObject(980, 4134.0063, -2134.5745, 3.2812, 0.0000, 0.0000, 270.0000);
CreateObject(980, 4134.0308, -2146.1636, 3.2812, 0.0000, 0.0000, 270.0000);
CreateObject(980, 4134.0488, -2157.7219, 3.2734, 0.0000, 0.0000, 270.0000);
CreateObject(980, 4128.3198, -2163.5945, 3.2734, 0.0000, 0.0000, 180.0000);
CreateObject(980, 4116.7261, -2163.6133, 3.2734, 0.0000, 0.0000, 179.9945);
CreateObject(980, 4105.1704, -2163.6292, 3.2734, 0.0000, 0.0000, 179.9945);
CreateObject(980, 4093.6265, -2163.6262, 3.2734, 0.0000, 0.0000, 179.9945);
CreateObject(980, 4082.0500, -2163.6130, 3.2734, 0.0000, 0.0000, 179.9945);
CreateObject(980, 4070.5098, -2163.6113, 3.2734, 0.0000, 0.0000, 179.9945);
CreateObject(980, 4058.9590, -2163.6245, 3.2734, 0.0000, 0.0000, 179.9945);
CreateObject(980, 4052.7900, -2099.8662, 3.2812, 0.0000, 0.0000, 269.9890);
CreateObject(980, 4052.8105, -2111.4395, 3.2812, 0.0000, 0.0000, 269.9890);
CreateObject(980, 4052.8037, -2123.0059, 3.2812, 0.0000, 0.0000, 269.9890);
CreateObject(980, 4052.8154, -2134.5693, 3.2812, 0.0000, 0.0000, 269.9890);
CreateObject(980, 4052.7881, -2146.1250, 3.2812, 0.0000, 0.0000, 269.9890);
CreateObject(980, 4052.8115, -2157.7178, 3.2812, 0.0000, 0.0000, 269.9890);
CreateObject(1237, 4052.8447, -2164.0586, 1.0000, 0.0000, 0.0000, 0.0000);
CreateObject(7922, 4091.0007, -2124.8098, 1.8973, 0.0000, 0.0000, 90.0000);
CreateObject(7922, 4098.2568, -2118.7183, 1.8973, 0.0000, 0.0000, 267.9950);
CreateObject(7922, 4098.3135, -2125.0039, 1.8973, 0.0000, 0.0000, 179.9945);
CreateObject(7922, 4091.1262, -2118.6765, 1.8973, 0.0000, 0.0000, 0.0000);
CreateObject(7586, 4074.5156, -2100.5400, 5.1500, 0.0000, 0.0000, 0.0000);
CreateObject(7586, 4074.8145, -2144.1621, 5.0662, 0.0000, 0.0000, 0.0000);
CreateObject(7586, 4114.3828, -2144.2314, 5.1598, 0.0000, 0.0000, 0.0000);
CreateObject(7586, 4114.1699, -2100.8896, 1.7653, 0.0000, 0.0000, 0.0000);
CreateObject(7933, 4061.5166, -2122.9004, 1.3184, 0.0000, 0.0000, 90.0000);
CreateObject(7933, 4094.7324, -2157.0107, 1.3106, 0.0000, 0.0000, 179.9945);
CreateObject(7933, 4122.4414, -2121.7043, 1.3106, 0.0000, 0.0000, 270.0000);
CreateObject(7933, 4096.0391, -2089.3657, 1.3184, 0.0000, 0.0000, 0.0000);
CreateObject(7921, 4104.9990, -2121.3206, 1.8973, 0.0000, 0.0000, 0.0000);
CreateObject(7921, 4084.0969, -2121.4285, 1.8973, 0.0000, 0.0000, 179.9945);
CreateObject(7921, 4095.1733, -2131.4243, 1.8973, 0.0000, 0.0000, 269.9890);
CreateObject(7921, 4095.0349, -2111.5637, 1.8973, 0.0000, 0.0000, 89.9890);
CreateObject(11560, 772.9296, -3275.8120, 5.2256, 0.0000, 0.0000, 22.5000);
CreateObject(18334, 661.8749, -3354.8447, 36.0486, 0.0000, 0.0000, 202.5000);
CreateObject(897, 837.2205, -3233.8213, 0.0202, 0.0000, 0.0000, 0.0000);
CreateObject(897, 836.7891, -3241.7087, -0.0252, 0.0000, 0.0000, 0.0000);
CreateObject(897, 833.2911, -3244.8152, 8.9606, 0.0000, 0.0000, 0.0000);
CreateObject(897, 835.0154, -3237.3445, 9.0343, 0.0000, 0.0000, 0.0000);
CreateObject(17026, 730.8635, -3401.9233, -1.6910, 0.0000, 0.0000, 236.2501);
CreateObject(17026, 613.3006, -3273.5557, -1.8233, 0.0000, 0.0000, 135.0000);
CreateObject(17026, 632.9525, -3227.8181, 1.6213, 0.0000, 0.0000, 101.2500);
CreateObject(17026, 665.5961, -3201.9819, 0.1586, 0.0000, 0.0000, 67.5000);
CreateObject(17026, 705.2003, -3188.5728, -3.0715, 0.0000, 0.0000, 78.7500);
CreateObject(16114, 687.5567, -3280.6218, 19.8679, 0.0000, 0.0000, 0.0000);
CreateObject(1216, 1412.50, -1752.70, 13.20, 0.00, 0.00, 0.00);
CreateObject(1216, 1411.00, -1752.70, 13.20, 0.00, 0.00, 0.00);
CreateObject(1216, 1410.04, -1753.50, 13.20, 0.00, 0.00, 90.00);
CreateObject(1216, 1410.04, -1755.00, 13.20, 0.00, 0.00, 90.00);
CreateObject(1216, 1547.90, -1752.70, 13.20, 0.00, 0.00, 0.00);
CreateObject(1216, 1546.20, -1752.70, 13.20, 0.00, 0.00, 0.00);
CreateObject(1216, 1548.80, -1753.30, 13.20, 0.00, 0.00, 270.00);
CreateObject(1216, 1548.80, -1755.00, 13.20, 0.00, 0.00, 270.00);
CreateObject(1223, 1409.70, -1752.30, 12.00, 0.00, 0.00, 315.00);
CreateObject(1223, 1549.20, -1752.40, 12.00, 0.00, 0.00, 215.00);
CreateObject(18981, 1512.12, -1609.72, 11.87, 0.00, 90.00, 0.00);
CreateObject(18981, 1512.14, -1634.67, 11.87, 0.00, 90.00, 0.00);
CreateObject(18981, 1512.12, -1659.54, 11.87, 0.00, 90.00, 0.00);
CreateObject(18981, 1512.10, -1684.43, 11.87, 0.00, 90.00, 0.00);
CreateObject(18981, 1512.10, -1709.04, 11.87, 0.00, 90.00, 0.00);
CreateObject(18981, 1512.10, -1733.70, 11.87, 0.00, 90.00, 0.00);
CreateObject(18981, 1487.23, -1609.78, 11.87, 0.00, 90.00, 0.00);
CreateObject(18981, 1487.23, -1634.47, 11.87, 0.00, 90.00, 0.00);
CreateObject(18981, 1487.23, -1659.31, 11.87, 0.00, 90.00, 0.00);
CreateObject(18981, 1487.23, -1684.29, 11.87, 0.00, 90.00, 0.00);
CreateObject(18981, 1487.25, -1709.22, 11.87, 0.00, 90.00, 0.00);
CreateObject(18981, 1487.23, -1734.13, 11.87, 0.00, 90.00, 0.00);
CreateObject(18981, 1462.46, -1609.60, 11.87, 0.00, 90.00, 0.00);
CreateObject(18981, 1462.52, -1634.58, 11.87, 0.00, 90.00, 0.00);
CreateObject(18981, 1462.52, -1659.37, 11.87, 0.00, 90.00, 0.00);
CreateObject(18981, 1462.50, -1684.32, 11.87, 0.00, 90.00, 0.00);
CreateObject(18981, 1462.52, -1709.19, 11.87, 0.00, 90.00, 0.00);
CreateObject(18981, 1462.52, -1734.07, 11.87, 0.00, 90.00, 0.00);
CreateObject(18981, 1438.03, -1609.69, 11.87, 0.00, 90.00, 0.00);
CreateObject(18981, 1441.99, -1634.33, 11.87, 0.00, 90.00, 0.00);
CreateObject(18981, 1442.79, -1658.89, 11.87, 0.00, 90.00, 0.00);
CreateObject(18981, 1438.10, -1683.56, 11.87, 0.00, 90.00, 0.00);
CreateObject(18981, 1437.64, -1707.52, 11.87, 0.00, 90.00, 0.00);
CreateObject(18981, 1437.98, -1732.34, 11.87, 0.00, 90.00, 0.00);
CreateObject(10368, 1479.35, -1678.98, 32.87, 0.00, 0.00, -180.00);
CreateObject(655, 1520.22, -1723.10, 12.91, 0.00, 0.00, 0.00);
CreateObject(655, 1438.17, -1723.05, 12.89, 0.00, 0.00, 0.00);
CreateObject(3511, 1462.22, -1718.38, 12.77, 0.00, 0.00, 0.00);
CreateObject(3511, 1482.94, -1718.67, 13.00, 0.00, 0.00, 0.00);
CreateObject(712, 1515.45, -1699.30, 22.51, 0.00, 0.00, 0.00);
CreateObject(712, 1515.75, -1678.49, 22.44, 0.00, 0.00, 0.00);
CreateObject(3511, 1482.92, -1659.16, 12.88, 0.00, 0.00, 0.00);
CreateObject(3511, 1462.18, -1659.31, 12.80, 0.00, 0.00, 0.00);
CreateObject(712, 1443.07, -1678.55, 22.47, 0.00, 0.00, 0.00);
CreateObject(712, 1443.10, -1699.15, 22.45, 0.00, 0.00, 0.00);
CreateObject(655, 1519.89, -1634.66, 12.88, 0.00, 0.00, 0.00);
CreateObject(655, 1438.46, -1634.64, 12.84, 0.00, 0.00, 0.00);
CreateObject(16061, 1485.49, -1602.62, 12.38, 0.00, 0.00, 90.00);
CreateObject(16061, 1485.50, -1631.74, 12.36, 0.00, 0.00, 90.00);
CreateObject(6965, 1482.81, -1616.72, 15.99, 0.00, 0.00, 0.00);
CreateObject(1364, 1461.06, -1631.56, 13.14, 0.00, 0.00, 180.00);
CreateObject(1364, 1473.99, -1631.56, 13.14, 0.00, 0.00, 180.00);
CreateObject(1364, 1492.50, -1631.56, 13.14, 0.00, 0.00, 180.00);
CreateObject(1364, 1503.39, -1631.56, 13.14, 0.00, 0.00, 180.00);
CreateObject(1364, 1503.63, -1602.17, 13.14, 0.00, 0.00, 0.00);
CreateObject(1364, 1492.48, -1602.17, 13.14, 0.00, 0.00, 0.00);
CreateObject(1364, 1476.86, -1602.17, 13.14, 0.00, 0.00, 0.00);
CreateObject(1364, 1461.43, -1602.17, 13.14, 0.00, 0.00, 0.00);
CreateObject(3853, 1438.14, -1601.00, 16.17, 0.00, 0.00, 90.00);
CreateObject(3853, 1520.55, -1600.91, 16.21, 0.00, 0.00, 90.00);
CreateObject(1257, 1436.48, -1629.19, 13.59, 0.00, 0.00, 0.00);
CreateObject(1229, 1435.56, -1626.23, 13.85, 0.00, 0.00, 270.00);
CreateObject(14468, 1481.73, -1602.55, 12.61, 0.00, 0.00, 0.00);
CreateObject(14468, 1471.47, -1602.49, 12.36, 0.00, 0.00, 0.00);
CreateObject(14468, 1487.51, -1602.49, 12.36, 0.00, 0.00, 0.00);
CreateObject(14468, 1496.13, -1602.19, 12.37, 0.00, 0.00, 0.00);
CreateObject(14468, 1499.87, -1601.89, 12.37, 0.00, 0.00, 0.00);
CreateObject(14468, 1508.03, -1602.35, 12.37, 0.00, 0.00, 0.00);
CreateObject(14468, 1465.26, -1602.27, 12.37, 0.00, 0.00, 0.00);
CreateObject(14468, 1456.79, -1602.19, 12.37, 0.00, 0.00, 0.00);
CreateObject(14468, 1456.56, -1631.44, 12.37, 0.00, 0.00, 0.00);
CreateObject(14468, 1464.72, -1631.64, 12.37, 0.00, 0.00, 0.00);
CreateObject(14468, 1469.88, -1631.47, 12.37, 0.00, 0.00, 0.00);
CreateObject(14468, 1478.73, -1631.43, 12.37, 0.00, 0.00, 0.00);
CreateObject(14468, 1482.99, -1631.52, 12.37, 0.00, 0.00, 0.00);
CreateObject(14468, 1487.65, -1631.53, 12.37, 0.00, 0.00, 0.00);
CreateObject(14468, 1496.56, -1631.58, 12.37, 0.00, 0.00, 0.00);
CreateObject(14468, 1499.15, -1631.46, 12.61, 0.00, 0.00, 0.00);
CreateObject(14468, 1507.32, -1631.65, 12.37, 0.00, 0.00, 0.00);
CreateObject(8623, 1450.36, -1616.66, 12.36, 0.00, 0.00, 90.00);
CreateObject(647, 1450.48, -1619.61, 12.36, 0.00, 0.00, 0.00);
CreateObject(647, 1450.37, -1616.41, 12.67, 0.00, 0.00, 0.00);
CreateObject(647, 1450.21, -1612.75, 12.36, 0.00, 0.00, 0.00);
CreateObject(3439, 1450.09, -1610.33, 16.43, 0.00, 0.00, 0.00);
CreateObject(3439, 1450.37, -1622.71, 16.43, 0.00, 0.00, 0.00);
CreateObject(1294, 1522.71, -1640.77, 16.84, 0.00, 0.00, 180.00);
CreateObject(1294, 1522.71, -1656.79, 16.84, 0.00, 0.00, 180.00);
CreateObject(1294, 1522.71, -1674.98, 16.84, 0.00, 0.00, 180.00);
CreateObject(1294, 1522.71, -1702.54, 16.84, 0.00, 0.00, 180.00);
CreateObject(1294, 1486.39, -1725.71, 16.84, 0.00, 0.00, 90.00);
CreateObject(1294, 1458.80, -1725.71, 16.84, 0.00, 0.00, 90.00);
CreateObject(1294, 1436.15, -1702.61, 16.84, 0.00, 0.00, 0.00);
CreateObject(1294, 1436.15, -1675.37, 16.84, 0.00, 0.00, 0.00);
CreateObject(1294, 1436.15, -1656.06, 16.84, 0.00, 0.00, 0.00);
CreateObject(1294, 1436.15, -1642.41, 16.84, 0.00, 0.00, 0.00);
CreateObject(1359, 1438.28, -1633.54, 13.00, 0.00, 0.00, 0.00);
CreateObject(1359, 1520.39, -1633.62, 13.08, 0.00, 0.00, 0.00);
CreateObject(8673, 1509.88, -1599.75, 13.81, 0.00, 0.00, 0.00);
CreateObject(8673, 1489.49, -1599.75, 13.81, 0.00, 0.00, 0.00);
CreateObject(8673, 1469.06, -1599.75, 13.81, 0.00, 0.00, 0.00);
CreateObject(8673, 1448.63, -1599.75, 13.81, 0.00, 0.00, 0.00);
CreateObject(736, 1490.50, -1774.27, 17.25, 0.00, 0.00, 0.00);
CreateObject(736, 1477.66, -1774.01, 16.69, 0.00, 0.00, 0.00);
CreateObject(10377, 1484.23, -1796.70, 28.89, 0.00, 0.00, 89.88);
CreateObject(3850, 1526.90, -1744.10, 13.10, 0.50, 0.00, 271.25);
CreateObject(3850, 1523.40, -1744.10, 13.10, 0.00, 0.00, 271.25);
CreateObject(3850, 1520.00, -1744.10, 13.10, 0.00, 0.00, 271.25);
CreateObject(3850, 1530.30, -1744.10, 13.10, 0.50, 0.00, 271.25);
CreateObject(3850, 1533.60, -1744.10, 13.10, 0.50, 0.00, 271.25);
CreateObject(3850, 1537.00, -1744.10, 13.10, 0.50, 0.00, 271.25);
CreateObject(3850, 1540.40, -1744.10, 13.10, 0.50, 0.00, 271.25);
CreateObject(3850, 1543.80, -1744.10, 13.10, 0.50, 0.00, 271.25);
CreateObject(3850, 1547.10, -1744.10, 13.10, 0.50, 0.00, 271.25);
CreateObject(3850, 1550.50, -1744.10, 13.10, 0.50, 0.00, 271.25);
CreateObject(3850, 1553.80, -1744.10, 13.10, 0.50, 0.00, 271.25);
CreateObject(3850, 1556.60, -1744.10, 13.10, 0.50, 0.00, 271.25);
CreateObject(3850, 1558.30, -1745.80, 13.10, 0.50, 4.75, 178.96);
CreateObject(3850, 1558.20, -1749.20, 13.10, 0.49, 4.75, 178.95);
CreateObject(3850, 1558.30, -1752.60, 13.10, 0.49, 4.75, 178.95);
CreateObject(3850, 1558.20, -1755.90, 13.10, 0.49, 4.75, 178.95);
CreateObject(3850, 1558.20, -1759.30, 13.10, 0.49, 4.75, 178.95);
CreateObject(3850, 1558.30, -1762.60, 13.10, 0.49, 4.75, 178.95);
CreateObject(3850, 1558.30, -1766.10, 13.10, 0.49, 4.75, 178.95);
CreateObject(3850, 1558.40, -1767.20, 13.10, 0.49, 4.75, 178.95);
CreateObject(3850, 1556.60, -1769.10, 13.10, 0.49, 4.75, 92.95);
CreateObject(3850, 1553.30, -1769.10, 13.10, 0.49, 4.75, 92.95);
CreateObject(3850, 1550.70, -1769.10, 13.10, 0.49, 4.75, 92.95);
CreateObject(3850, 1548.80, -1767.30, 13.10, 0.49, 4.75, 359.95);
CreateObject(3850, 1548.90, -1764.00, 13.10, 0.49, 4.75, 0.20);
CreateObject(3850, 1549.00, -1760.50, 13.10, 0.49, 4.75, 0.19);
CreateObject(3850, 1549.00, -1757.10, 13.10, 0.49, 4.75, 0.19);
CreateObject(3850, 1549.00, -1754.30, 13.10, 0.49, 4.75, 0.19);
CreateObject(3850, 1548.00, -1752.60, 13.10, 0.49, 4.75, 271.19);
CreateObject(3850, 1544.70, -1752.60, 13.10, 0.49, 4.75, 271.19);
CreateObject(3850, 1541.30, -1752.60, 13.10, 0.49, 4.75, 271.19);
CreateObject(3850, 1537.90, -1752.60, 13.10, 0.49, 4.75, 271.19);
CreateObject(3850, 1534.60, -1752.60, 13.10, 0.49, 4.75, 271.19);
CreateObject(3850, 1531.20, -1752.60, 13.10, 0.49, 4.75, 271.19);
CreateObject(3850, 1527.90, -1752.60, 13.10, 0.49, 4.75, 271.19);
CreateObject(3850, 1524.60, -1752.50, 13.00, 0.50, 358.25, 270.50);
CreateObject(3850, 1521.60, -1752.50, 13.00, 0.49, 358.24, 270.49);
CreateObject(3850, 1518.20, -1752.50, 13.00, 0.49, 358.24, 270.49);
CreateObject(3850, 1514.90, -1752.50, 13.00, 0.49, 358.24, 270.49);
CreateObject(3850, 1512.60, -1752.50, 13.00, 0.49, 358.24, 270.49);
CreateObject(3850, 1510.80, -1750.70, 13.00, 0.49, 358.24, 179.75);
CreateObject(3850, 1510.80, -1747.40, 13.00, 0.49, 358.24, 179.74);
CreateObject(3850, 1510.80, -1745.90, 13.00, 0.49, 358.24, 179.74);
CreateObject(3850, 1516.70, -1744.10, 13.00, 0.49, 359.49, 90.48);
CreateObject(3850, 1513.30, -1744.10, 13.00, 0.49, 359.48, 90.48);
CreateObject(3850, 1512.50, -1744.30, 13.00, 0.49, 359.48, 90.48);
CreateObject(3850, 1449.20, -1744.10, 13.10, 0.00, 0.00, 270.00);
CreateObject(3850, 1445.70, -1744.10, 13.10, 0.00, 0.00, 269.99);
CreateObject(3850, 1442.20, -1744.10, 13.10, 0.00, 0.00, 269.99);
CreateObject(3850, 1438.70, -1744.10, 13.10, 0.00, 0.00, 269.99);
CreateObject(3850, 1435.20, -1744.10, 13.10, 0.00, 0.00, 269.99);
CreateObject(3850, 1431.80, -1744.10, 13.10, 0.00, 0.00, 269.99);
CreateObject(3850, 1428.30, -1744.10, 13.10, 0.00, 0.00, 269.99);
CreateObject(3850, 1424.80, -1744.10, 13.10, 0.00, 0.00, 269.99);
CreateObject(3850, 1421.30, -1744.10, 13.10, 0.00, 0.00, 269.99);
CreateObject(3850, 1417.80, -1744.10, 13.10, 0.00, 0.00, 269.99);
CreateObject(3850, 1414.30, -1744.10, 13.10, 0.00, 0.00, 269.99);
CreateObject(3850, 1410.80, -1744.10, 13.10, 0.00, 0.00, 269.99);
CreateObject(3850, 1407.30, -1744.10, 13.10, 0.00, 0.00, 269.99);
CreateObject(3850, 1403.80, -1744.10, 13.10, 0.00, 0.00, 269.99);
CreateObject(3850, 1403.00, -1744.10, 13.10, 0.00, 0.00, 269.99);
CreateObject(3850, 1401.30, -1745.80, 13.10, 0.00, 0.00, 357.99);
CreateObject(3850, 1401.30, -1749.20, 13.10, 0.00, 0.00, 357.99);
CreateObject(3850, 1401.30, -1752.60, 13.10, 0.00, 0.00, 357.99);
CreateObject(3850, 1401.30, -1752.60, 13.10, 0.00, 0.00, 357.99);
CreateObject(3850, 1401.30, -1756.00, 13.10, 0.00, 0.00, 359.99);
CreateObject(3850, 1401.30, -1759.40, 13.10, 0.00, 0.00, 359.99);
CreateObject(3850, 1401.30, -1762.90, 13.10, 0.00, 0.00, 359.99);
CreateObject(3850, 1401.30, -1766.30, 13.10, 0.00, 0.00, 359.99);
CreateObject(3850, 1401.30, -1767.10, 13.10, 0.00, 0.00, 359.99);
CreateObject(3850, 1403.00, -1769.10, 13.10, 0.00, 0.00, 88.74);
CreateObject(3850, 1406.40, -1769.10, 13.10, 0.00, 0.00, 88.74);
CreateObject(3850, 1408.10, -1769.00, 13.10, 0.00, 0.00, 88.74);
CreateObject(3850, 1409.90, -1767.30, 13.10, 0.00, 0.00, 178.74);
CreateObject(3850, 1409.90, -1763.90, 13.10, 0.00, 0.00, 178.73);
CreateObject(3850, 1409.90, -1760.50, 13.10, 0.00, 0.00, 178.73);
CreateObject(3850, 1409.90, -1757.10, 13.10, 0.00, 0.00, 178.73);
CreateObject(3850, 1409.90, -1754.20, 13.10, 0.00, 0.00, 178.73);
CreateObject(3850, 1411.50, -1752.60, 13.10, 0.00, 0.00, 88.73);
CreateObject(3850, 1415.00, -1752.60, 13.10, 0.00, 0.00, 88.73);
CreateObject(3850, 1418.50, -1752.60, 13.10, 0.00, 0.00, 88.73);
CreateObject(3850, 1421.90, -1752.60, 13.10, 0.00, 0.00, 88.73);
CreateObject(3850, 1425.30, -1752.60, 13.10, 0.00, 0.00, 88.73);
CreateObject(3850, 1428.70, -1752.60, 13.10, 0.00, 0.00, 88.73);
CreateObject(3850, 1432.10, -1752.60, 13.10, 0.00, 0.00, 88.73);
CreateObject(3850, 1435.50, -1752.60, 13.10, 0.00, 0.00, 88.73);
CreateObject(3850, 1438.90, -1752.60, 13.10, 0.00, 0.00, 88.73);
CreateObject(3850, 1442.30, -1752.60, 13.10, 0.00, 0.00, 88.73);
CreateObject(3850, 1445.80, -1752.60, 13.10, 0.00, 0.00, 88.73);
CreateObject(3850, 1449.30, -1752.60, 13.10, 0.00, 0.00, 88.73);
CreateObject(3850, 1451.10, -1750.90, 13.10, 0.00, 0.00, 179.48);
CreateObject(3850, 1451.10, -1747.40, 13.10, 0.00, 0.00, 179.47);
CreateObject(3850, 1451.10, -1745.80, 13.10, 0.00, 0.00, 179.47);
CreateObject(4003, 1484.23, -1776.88, 22.42, 0.00, 0.00, 0.00);