//====================CASA========================
//Casa Viniewood 2
    CreateObject(987,1026.50000000,-666.59997559,123.90000153,0.00000000,0.00000000,127.00000000); //object(elecfence_bar) (2)
    CreateObject(987,1015.20001221,-651.79998779,123.19999695,0.00000000,2.00000000,126.99645996); //object(elecfence_bar) (3)
    CreateObject(987,1019.59960938,-657.50000000,123.50000000,0.00000000,1.99951172,126.99645996); //object(elecfence_bar) (6)
    CreateObject(987,998.20001221,-645.79998779,123.69999695,0.00000000,0.00000000,203.00000000); //object(elecfence_bar) (7)
    CreateObject(987,989.59997559,-649.40002441,124.00000000,0.00000000,0.00000000,202.99987793); //object(elecfence_bar) (8)
    CreateObject(987,978.70001221,-654.09997559,124.40000153,0.00000000,0.00000000,210.99987793); //object(elecfence_bar) (9)
    CreateObject(987,968.29998779,-660.20001221,124.69999695,0.00000000,0.00000000,210.99792480); //object(elecfence_bar) (10)
    CreateObject(987,958.00000000,-666.29998779,124.80000305,0.00000000,0.00000000,210.99987793); //object(elecfence_bar) (11)
    CreateObject(987,946.50000000,-673.40002441,125.30000305,0.00000000,0.00000000,302.00000000); //object(elecfence_bar) (12)
    CreateObject(987,956.70001221,-667.00000000,125.00000000,0.00000000,0.00000000,210.99792480); //object(elecfence_bar) (13)
    CreateObject(987,952.70001221,-683.79998779,125.30000305,0.00000000,0.00000000,301.99768066); //object(elecfence_bar) (14)
    CreateObject(987,959.00000000,-694.00000000,125.30000305,0.00000000,0.00000000,295.00000000); //object(elecfence_bar) (15)
    CreateObject(987,1003.00000000,-695.50000000,124.80000305,0.00000000,0.00000000,31.00000000); //object(elecfence_bar) (16)
    CreateObject(987,963.59997559,-704.29998779,125.30000305,0.00000000,0.00000000,294.99938965); //object(elecfence_bar) (17)
    CreateObject(987,968.50000000,-714.69921875,125.30000305,0.00000000,0.00000000,28.99841309); //object(elecfence_bar) (18)
    CreateObject(987,978.69921875,-709.00000000,125.09999847,0.00000000,0.00000000,28.99841309); //object(elecfence_bar) (19)
    CreateObject(987,989.09960938,-703.19921875,125.00000000,0.00000000,0.00000000,28.99841309); //object(elecfence_bar) (20)
    CreateObject(987,997.79980469,-698.19921875,124.90000153,0.00000000,0.00000000,28.99841309); //object(elecfence_bar) (21)
    CreateObject(987,1017.79998779,-681.59997559,124.30000305,0.00000000,0.00000000,58.99792480); //object(elecfence_bar) (22)
    CreateObject(987,1013.09960938,-689.39941406,124.69999695,0.00000000,0.00000000,58.99707031); //object(elecfence_bar) (23)
    CreateObject(987,1021.00000000,-677.00000000,124.30000305,0.00000000,0.00000000,61.89999390); //object(elecfence_bar) (24)
    CreateObject(672,1017.59997559,-657.90002441,120.19999695,0.00000000,0.00000000,50.49865723); //object(sm_veg_tree5) (1)
    CreateObject(656,1019.09997559,-677.40002441,120.30000305,0.00000000,0.00000000,58.45825195); //object(pinetree05) (1)
    CreateObject(621,995.40002441,-696.40002441,120.59999847,0.00000000,0.00000000,224.59899902); //object(veg_palm02) (1)
    CreateObject(621,1004.00000000,-691.69921875,120.40000153,0.00000000,0.00000000,224.59899902); //object(veg_palm02) (2)
    CreateObject(621,988.90002441,-700.20001221,120.90000153,0.00000000,0.00000000,224.59899902); //object(veg_palm02) (3)
    CreateObject(621,982.50000000,-704.09997559,121.30000305,0.00000000,0.00000000,224.59899902); //object(veg_palm02) (4)
    CreateObject(2921,983.79003906,-676.29296875,129.01187134,0.00000000,0.00000000,0.00000000); //object(kmb_cam) (1)
    CreateObject(2921,1007.29998779,-641.29998779,126.09999847,0.00000000,0.00000000,0.00000000); //object(kmb_cam) (2)
    CreateObject(640,1015.40002441,-659.40002441,120.80000305,0.00000000,0.00000000,35.00000000); //object(kb_planter_bush2) (1)
    CreateObject(640,1012.79998779,-655.70001221,120.80000305,0.00000000,0.00000000,34.99694824); //object(kb_planter_bush2) (2)
    CreateObject(640,1010.79998779,-652.79998779,120.80000305,0.00000000,0.00000000,34.99694824); //object(kb_planter_bush2) (3)
    CreateObject(640,1004.20001221,-667.70001221,120.80000305,0.00000000,0.00000000,30.00000000); //object(kb_planter_bush2) (4)
    CreateObject(983,1009.50000000,-662.29998779,120.80000305,0.00000000,0.00000000,35.00000000); //object(fenceshit3) (1)
    CreateObject(2773,978.59997559,-677.40002441,121.50000000,0.00000000,0.00000000,30.00000000); //object(cj_airprt_bar) (1)
    CreateObject(2773,981.50000000,-675.70001221,121.50000000,0.00000000,0.00000000,29.99816895); //object(cj_airprt_bar) (2)
    CreateObject(2773,980.50000000,-674.00000000,121.50000000,0.00000000,0.00000000,29.99816895); //object(cj_airprt_bar) (3)
    CreateObject(2773,977.59997559,-675.70001221,121.50000000,0.00000000,0.00000000,29.99816895); //object(cj_airprt_bar) (4)
    CreateObject(3749,1156.50000000,-633.20001221,108.59999847,0.00000000,0.00000000,98.00000000); //object(clubgate01_lax) (2)
    CreateObject(16003,1160.59997559,-628.70001221,104.50000000,0.00000000,0.00000000,12.00000000); //object(drvin_ticket) (1)
    CreateObject(16003,1162.29980469,-639.09960938,104.50000000,0.00000000,0.00000000,7.99804688); //object(drvin_ticket) (2)
    CreateObject(339,983.59997559,-676.29998779,122.09999847,0.00000000,0.00000000,0.00000000); //object(1)
    CreateObject(947,991.90002441,-649.70001221,122.69999695,0.00000000,0.00000000,204.25000000); //object(bskballhub_lax01) (1)
    CreateObject(1667,992.09997559,-663.50000000,122.19999695,0.00000000,0.00000000,0.00000000); //object(propwineglass1) (1)
    CreateObject(1667,992.69921875,-663.09960938,122.19999695,0.00000000,0.00000000,0.00000000); //object(propwineglass1) (2)
    CreateObject(656,968.70001221,-712.79998779,122.69999695,0.00000000,0.00000000,0.00000000); //object(pinetree05) (2)
    CreateObject(621,966.00000000,-700.20001221,121.59999847,0.00000000,0.00000000,195.80932617); //object(veg_palm02) (5)
    CreateObject(1481,964.90002441,-663.79998779,121.59999847,0.00000000,0.00000000,28.00000000); //object(dyn_bar_b_q) (1)
    CreateObject(1481,962.09960938,-665.39941406,121.69999695,0.00000000,0.00000000,27.99865723); //object(dyn_bar_b_q) (2)
    CreateObject(643,962.20001221,-667.59997559,121.09999847,0.00000000,0.00000000,0.00000000); //object(kb_chr_tbl_test) (1)
    CreateObject(1280,1016.20001221,-656.09997559,120.59999847,0.00000000,0.00000000,0.00000000); //object(parkbench1) (1)
    CreateObject(869,997.09997559,-648.90002441,120.90000153,0.00000000,0.00000000,0.00000000); //object(veg_pflowerswee) (1)
    CreateObject(869,997.09960938,-648.89941406,120.90000153,0.00000000,0.00000000,0.00000000); //object(veg_pflowerswee) (2)
    CreateObject(869,975.70001221,-659.29998779,120.80000305,0.00000000,0.00000000,0.00000000); //object(veg_pflowerswee) (3)
    CreateObject(869,980.40002441,-657.90002441,120.80000305,0.00000000,0.00000000,0.00000000); //object(veg_pflowerswee) (4)
    CreateObject(869,982.09997559,-655.29998779,120.80000305,0.00000000,0.00000000,0.00000000); //object(veg_pflowerswee) (5)
    CreateObject(869,977.40002441,-661.29998779,120.69999695,0.00000000,0.00000000,0.00000000); //object(veg_pflowerswee) (6)
    CreateObject(869,980.59997559,-659.70001221,120.69999695,0.00000000,0.00000000,0.00000000); //object(veg_pflowerswee) (7)
    CreateObject(1360,999.59997559,-670.70001221,120.90000153,0.00000000,0.00000000,30.00000000); //object(cj_bush_prop3) (1)
    CreateObject(1364,997.29998779,-666.70001221,120.90000153,0.00000000,0.00000000,123.99996948); //object(cj_bush_prop) (1)
    CreateObject(1360,994.79998779,-663.09997559,120.90000153,0.00000000,0.00000000,29.99816895); //object(cj_bush_prop3) (2)
//=================BASE===================
    CreateObject(3475,1308.00000000,-800.90002441,85.50000000,0.00000000,0.00000000,0.00000000); //object(vgsn_fncelec_pst) (1)
    CreateObject(3475,1307.69995117,-806.59997559,82.80000305,0.00000000,0.00000000,0.00000000); //object(vgsn_fncelec_pst) (2)
    CreateObject(3475,1308.09997559,-809.09997559,78.59999847,0.00000000,0.00000000,0.00000000); //object(vgsn_fncelec_pst) (3)
    CreateObject(988,1305.30004883,-811.50000000,77.09999847,0.00000000,0.00000000,0.00000000); //object(ws_apgate) (1)
    CreateObject(3749,1245.59997559,-766.79998779,97.00000000,0.00000000,0.00000000,0.00000000); //object(clubgate01_lax) (1)
    CreateObject(990,1269.90002441,-766.09997559,194.39999390,0.00000000,0.00000000,0.00000000); //object(bar_barrier12) (1)
    CreateObject(3475,1258.09997559,-767.70001221,95.90000153,0.00000000,0.00000000,90.00000000); //object(vgsn_fncelec_pst) (4)
    CreateObject(3475,1258.09960938,-767.69921875,95.90000153,0.00000000,0.00000000,90.00000000); //object(vgsn_fncelec_pst) (5)
    CreateObject(3475,1258.09960938,-767.69921875,95.90000153,0.00000000,0.00000000,90.00000000); //object(vgsn_fncelec_pst) (6)
    CreateObject(3475,1263.89941406,-767.50000000,95.80000305,0.00000000,0.00000000,90.00000000); //object(vgsn_fncelec_pst) (7)
    CreateObject(3475,1281.69995117,-767.50000000,96.19999695,0.00000000,0.00000000,90.00000000); //object(vgsn_fncelec_pst) (8)
    CreateObject(3475,1269.89941406,-767.50000000,96.19999695,0.00000000,0.00000000,90.00000000); //object(vgsn_fncelec_pst) (8)
    CreateObject(3475,1275.69921875,-767.50000000,96.19999695,0.00000000,0.00000000,90.00000000); //object(vgsn_fncelec_pst) (8)
    CreateObject(3475,1281.69921875,-767.50000000,96.19999695,0.00000000,0.00000000,90.00000000); //object(vgsn_fncelec_pst) (8)
    CreateObject(3475,1287.59997559,-767.20001221,95.90000153,0.00000000,0.00000000,90.00000000); //object(vgsn_fncelec_pst) (12)
    CreateObject(3475,1293.09997559,-767.20001221,95.90000153,0.00000000,0.00000000,90.00000000); //object(vgsn_fncelec_pst) (13)
    CreateObject(3475,1298.30004883,-769.00000000,93.40000153,0.00000000,0.00000000,54.00000000); //object(vgsn_fncelec_pst) (14)
    CreateObject(3475,1298.29980469,-769.00000000,93.40000153,0.00000000,0.00000000,53.99780273); //object(vgsn_fncelec_pst) (15)
    CreateObject(3475,1298.29980469,-769.00000000,93.40000153,0.00000000,0.00000000,53.99780273); //object(vgsn_fncelec_pst) (16)
    CreateObject(3475,1302.39941406,-772.50000000,93.40000153,0.00000000,0.00000000,50.99853516); //object(vgsn_fncelec_pst) (17)
    CreateObject(3475,163.00000000,138.50000000,529.70001221,0.00000000,0.00000000,0.00000000); //object(vgsn_fncelec_pst) (22)
    CreateObject(3475,1308.50000000,-784.40002441,93.40000153,0.00000000,0.00000000,15.00000000); //object(vgsn_fncelec_pst) (9)
    CreateObject(3475,1306.40002441,-779.09997559,93.40000153,0.00000000,0.00000000,20.00000000); //object(vgsn_fncelec_pst) (10)
    CreateObject(3475,1305.59997559,-777.09997559,93.50000000,0.00000000,0.00000000,31.00000000); //object(vgsn_fncelec_pst) (11)
    CreateObject(3475,1306.50000000,-792.50000000,85.50000000,0.00000000,0.00000000,30.00000000); //object(vgsn_fncelec_pst) (23)
    CreateObject(3475,1308.00000000,-797.70001221,85.50000000,0.00000000,0.00000000,0.00000000); //object(vgsn_fncelec_pst) (24)
    CreateObject(2404,1267.00000000,-792.00000000,89.00000000,0.00000000,0.00000000,0.00000000); //object(cj_surf_board) (1)
    CreateObject(1594,-231.00000000,-593.59997559,101.69999695,0.00000000,0.00000000,0.00000000); //object(chairsntable) (1)
    CreateObject(1594,1275.80004883,-797.50000000,87.80000305,0.00000000,0.00000000,0.00000000); //object(chairsntable) (2)
    CreateObject(1968,1279.00000000,-811.00000000,87.80000305,0.00000000,0.00000000,0.00000000); //object(dinerseat_2) (1)
    CreateObject(2121,1267.50000000,-796.20001221,87.80000305,0.00000000,0.00000000,0.00000000); //object(low_din_chair_2) (1)
    CreateObject(2644,1267.69995117,-796.90002441,87.69999695,0.00000000,0.00000000,0.00000000); //object(cj_burg_table) (1)
    CreateObject(2121,1267.50000000,-797.70001221,87.80000305,0.00000000,0.00000000,190.00000000); //object(low_din_chair_2) (2)
    CreateObject(646,1257.59997559,-812.09997559,88.69999695,0.00000000,0.00000000,0.00000000); //object(veg_palmkb14) (1)
    CreateObject(1364,1284.69995117,-793.59997559,88.09999847,0.00000000,0.00000000,0.00000000); //object(cj_bush_prop) (1)
    CreateObject(987,242.60000610,-1245.50000000,77.50000000,0.00000000,0.00000000,38.99597168); //object(elecfence_bar) (2)
    CreateObject(987,245.50000000,-1243.09997559,77.50000000,0.00000000,0.00000000,39.00000000); //object(elecfence_bar) (3)
    CreateObject(987,268.79998779,-1226.59997559,79.09999847,0.00000000,0.00000000,39.00000000); //object(elecfence_bar) (4)
    CreateObject(987,273.29998779,-1223.40002441,79.40000153,0.00000000,0.00000000,39.00000000); //object(elecfence_bar) (5)
    CreateObject(987,283.10000610,-1216.00000000,83.00000000,0.00000000,0.00000000,130.00000000); //object(elecfence_bar) (6)
    CreateObject(987,275.29998779,-1207.00000000,83.00000000,0.00000000,0.00000000,130.00000000); //object(elecfence_bar) (7)
    CreateObject(987,268.00000000,-1197.80004883,82.90000153,0.00000000,0.00000000,130.00000000); //object(elecfence_bar) (8)
    CreateObject(987,260.29998779,-1188.69995117,82.90000153,0.00000000,2.00000000,130.00000000); //object(elecfence_bar) (9)
    CreateObject(987,252.59960938,-1179.79980469,82.30000305,0.00000000,3.00000000,130.00000000); //object(elecfence_bar) (10)
    CreateObject(987,245.10000610,-1170.59997559,81.69999695,0.00000000,4.00000000,130.00000000); //object(elecfence_bar) (11)
    CreateObject(987,240.89999390,-1164.90002441,81.30000305,0.00000000,4.00000000,130.00000000); //object(elecfence_bar) (12)
    CreateObject(990,162.60000610,138.00000000,531.29998779,0.00000000,0.00000000,0.00000000); //object(bar_barrier12) (3)
    CreateObject(3050,233.30000305,-1155.90002441,79.80000305,0.00000000,0.00000000,22.00000000); //object(des_quarrygate2) (1)
    CreateObject(3050,230.39999390,-1157.09997559,79.69999695,0.00000000,0.00000000,22.00000000); //object(des_quarrygate2) (2)
    CreateObject(3050,226.10000610,-1158.80004883,79.59999847,0.00000000,0.00000000,54.00000000); //object(des_quarrygate2) (3)
    CreateObject(3050,223.39999390,-1162.69995117,79.59999847,0.00000000,0.00000000,57.00000000); //object(des_quarrygate2) (4)
    CreateObject(3050,220.89999390,-1166.40002441,79.59999847,0.00000000,0.00000000,62.00000000); //object(des_quarrygate2) (5)
    CreateObject(3050,218.80000305,-1170.40002441,79.59999847,0.00000000,0.00000000,59.00000000); //object(des_quarrygate2) (6)
    CreateObject(3050,216.39999390,-1174.40002441,79.59999847,0.00000000,0.00000000,61.00000000); //object(des_quarrygate2) (7)
    CreateObject(3050,214.19999695,-1178.40002441,79.59999847,0.00000000,0.00000000,59.00000000); //object(des_quarrygate2) (8)
    CreateObject(3050,211.80000305,-1182.30004883,79.59999847,0.00000000,0.00000000,52.00000000); //object(des_quarrygate2) (9)
    CreateObject(3050,208.89999390,-1185.90002441,79.90000153,0.00000000,0.00000000,51.00000000); //object(des_quarrygate2) (10)
    CreateObject(3050,206.10000610,-1189.50000000,80.09999847,0.00000000,0.00000000,53.00000000); //object(des_quarrygate2) (11)
    CreateObject(3050,204.89999390,-1191.09997559,80.30000305,0.00000000,0.00000000,52.00000000); //object(des_quarrygate2) (12)
    CreateObject(987,201.69999695,-1195.50000000,79.90000153,0.00000000,0.00000000,309.00000000); //object(elecfence_bar) (1)
    CreateObject(987,224.30000305,-1223.19995117,80.50000000,0.00000000,0.00000000,309.00000000); //object(elecfence_bar) (13)
    CreateObject(987,209.30000305,-1204.80004883,80.00000000,0.00000000,0.00000000,309.00000000); //object(elecfence_bar) (14)
    CreateObject(987,216.69999695,-1214.09997559,80.19999695,0.00000000,0.00000000,309.00000000); //object(elecfence_bar) (15)
    CreateObject(987,231.50000000,-1232.80004883,80.50000000,0.00000000,0.00000000,309.00000000); //object(elecfence_bar) (16)
    CreateObject(987,234.69999695,-1236.80004883,80.50000000,0.00000000,0.00000000,309.00000000); //object(elecfence_bar) (17)
    CreateObject(3749,261.39941406,-1230.50000000,78.59999847,0.00000000,0.00000000,40.99548340); //object(clubgate01_lax) (2)
    CreateObject(9833,217.30000305,-1200.30004883,77.50000000,0.00000000,0.00000000,0.00000000); //object(fountain_sfw) (1)
    CreateObject(14387,-1335.00000000,487.00000000,11.19999981,0.00000000,0.00000000,90.00000000); //object(dr_gsnew02) (1)
    CreateObject(5130,-1334.80004883,479.70001221,9.19999981,0.00000000,0.00000000,227.00000000); //object(imcompstrs02) (3)
    CreateObject(16362,-1240.90002441,457.39999390,9.30000019,0.00000000,0.00000000,0.00000000); //object(desn2_tscanopy) (1)
    CreateObject(3385,-1343.00000000,398.29998779,30.10000038,0.00000000,0.00000000,0.00000000); //object(a51_light1_) (1)
    CreateObject(3117,-1344.09997559,457.50000000,6.30000019,0.00000000,0.00000000,0.00000000); //object(a51_ventcoverb) (1)
    CreateObject(987,-1465.30004883,512.29998779,0.00000000,0.00000000,0.00000000,270.00000000); //object(elecfence_bar) (19)
    CreateObject(987,-1465.19995117,500.50000000,0.00000000,0.00000000,0.00000000,270.00000000); //object(elecfence_bar) (20)
    CreateObject(3475,-1465.40002441,509.29998779,5.30000019,0.00000000,0.00000000,0.00000000); //object(vgsn_fncelec_pst) (20)
    CreateObject(3475,-1465.40002441,503.39999390,5.09999990,0.00000000,0.00000000,0.00000000); //object(vgsn_fncelec_pst) (21)
    CreateObject(3475,-1464.59997559,500.60000610,5.80000019,0.00000000,0.00000000,0.00000000); //object(vgsn_fncelec_pst) (28)
    CreateObject(3475,-1465.30004883,497.60000610,7.19999981,0.00000000,0.00000000,0.00000000); //object(vgsn_fncelec_pst) (29)
    CreateObject(3475,-1465.50000000,494.70001221,6.59999990,0.00000000,0.00000000,0.00000000); //object(vgsn_fncelec_pst) (30)
    CreateObject(3475,-1465.90002441,491.79998779,5.50000000,0.00000000,0.00000000,0.00000000); //object(vgsn_fncelec_pst) (32)
    CreateObject(987,-1432.40002441,288.20001221,1.79999995,0.00000000,8.00000000,0.00000000); //object(elecfence_bar) (22)
    CreateObject(987,-1421.40002441,288.20001221,0.20000000,0.00000000,0.00000000,0.00000000); //object(elecfence_bar) (23)
    CreateObject(3475,-1409.69995117,290.29998779,2.59999990,0.00000000,0.00000000,0.00000000); //object(vgsn_fncelec_pst) (33)
    CreateObject(3475,-1434.19995117,288.39999390,5.80000019,30.00000000,0.00000000,84.00000000); //object(vgsn_fncelec_pst) (34)
    CreateObject(987,-1616.30004883,261.20001221,6.19999981,0.00000000,0.00000000,180.00000000); //object(elecfence_bar) (24)
    CreateObject(987,-1628.19995117,261.10000610,6.19999981,0.00000000,0.00000000,180.00000000); //object(elecfence_bar) (25)
    CreateObject(987,-1640.19995117,260.89999390,6.19999981,0.00000000,0.00000000,180.00000000); //object(elecfence_bar) (26)
    CreateObject(987,-1733.69995117,263.29998779,6.19999981,0.00000000,0.00000000,340.00000000); //object(elecfence_bar) (27)
    CreateObject(987,-1652.19995117,261.10000610,6.19999981,0.00000000,0.00000000,180.00000000); //object(elecfence_bar) (28)
    CreateObject(987,-1664.09997559,261.10000610,6.19999981,0.00000000,0.00000000,180.00000000); //object(elecfence_bar) (29)
    CreateObject(987,-1494.80004883,481.50000000,6.19999981,0.00000000,0.00000000,180.00000000); //object(elecfence_bar) (30)
    CreateObject(987,-1494.79980469,481.50000000,6.19999981,0.00000000,0.00000000,179.99450684); //object(elecfence_bar) (31)
    CreateObject(987,-1494.79980469,481.50000000,6.19999981,0.00000000,0.00000000,179.99450684); //object(elecfence_bar) (32)
    CreateObject(987,-1494.79980469,481.50000000,6.19999981,0.00000000,0.00000000,179.99450684); //object(elecfence_bar) (33)
    CreateObject(987,-1494.79980469,481.50000000,6.19999981,0.00000000,0.00000000,179.99450684); //object(elecfence_bar) (34)
    CreateObject(987,-1483.00000000,481.50000000,6.19999981,0.00000000,0.00000000,180.00000000); //object(elecfence_bar) (35)
    CreateObject(987,-1470.90002441,481.39999390,6.19999981,0.00000000,0.00000000,180.00000000); //object(elecfence_bar) (36)
    CreateObject(987,-1459.90002441,481.39999390,6.19999981,0.00000000,0.00000000,180.00000000); //object(elecfence_bar) (37)
    CreateObject(987,-1448.00000000,481.29998779,6.19999981,0.00000000,0.00000000,180.00000000); //object(elecfence_bar) (38)
    CreateObject(987,-1436.30004883,481.20001221,6.19999981,0.00000000,0.00000000,180.00000000); //object(elecfence_bar) (39)
    CreateObject(987,-1424.50000000,481.29998779,6.19999981,0.00000000,0.00000000,180.00000000); //object(elecfence_bar) (40)
    CreateObject(987,-1321.30004883,481.70001221,6.19999981,0.00000000,0.00000000,180.00000000); //object(elecfence_bar) (41)
    CreateObject(987,-1309.59997559,481.70001221,6.19999981,0.00000000,0.00000000,180.00000000); //object(elecfence_bar) (42)
    CreateObject(987,-1298.00000000,481.70001221,6.19999981,0.00000000,0.00000000,180.00000000); //object(elecfence_bar) (43)
    CreateObject(987,-1285.90002441,481.70001221,6.19999981,0.00000000,0.00000000,180.00000000); //object(elecfence_bar) (44)
    CreateObject(987,-1273.90002441,481.60000610,6.19999981,0.00000000,0.00000000,180.00000000); //object(elecfence_bar) (45)
    CreateObject(16635,-1520.19995117,491.79998779,10.39999962,0.00000000,0.00000000,0.00000000); //object(des_ghotfenc09) (1)
    CreateObject(16635,-1523.80004883,491.79998779,10.39999962,0.00000000,0.00000000,0.00000000); //object(des_ghotfenc09) (2)
    CreateObject(16635,-1525.69995117,490.10000610,10.39999962,0.00000000,0.00000000,90.00000000); //object(des_ghotfenc09) (3)
    CreateObject(16635,-1525.69995117,486.39999390,10.39999962,0.00000000,0.00000000,90.00000000); //object(des_ghotfenc09) (4)
    CreateObject(16635,-1525.50000000,483.70001221,10.39999962,0.00000000,0.00000000,90.00000000); //object(des_ghotfenc09) (5)
    CreateObject(2469,1274.50000000,-801.29998779,85.90000153,0.00000000,0.00000000,0.00000000); //object(model_planes_3) (1)
    CreateObject(2903,1270.30004883,-805.50000000,143.39999390,0.00000000,0.00000000,0.00000000); //object(kmb_parachute) (1)
    CreateObject(3524,1358.59997559,-827.59997559,128.30000305,0.00000000,0.00000000,0.00000000); //object(skullpillar01_lvs) (1)
    CreateObject(3524,1246.09997559,-738.20001221,98.50000000,0.00000000,0.00000000,210.00000000); //object(skullpillar01_lvs) (2)
    CreateObject(3524,1235.19995117,-744.00000000,99.30000305,0.00000000,0.00000000,200.00000000); //object(skullpillar01_lvs) (3)
    CreateObject(2921,1237.40002441,-764.20001221,98.30000305,0.00000000,0.00000000,250.00000000); //object(kmb_cam) (1)
    CreateObject(2886,1306.88476562,-771.24902344,167.58937073,0.00000000,0.00000000,0.00000000); //object(sec_keypad) (1)
    CreateObject(2978,1250.90002441,-755.09997559,92.30000305,0.00000000,0.00000000,0.00000000); //object(kmilitary_base) (1)
    CreateObject(2985,1239.30004883,-782.20001221,91.09999847,0.00000000,0.00000000,55.00000000); //object(minigun_base) (1)
    CreateObject(16092,2237.50000000,2453.10009766,9.69999981,0.00000000,0.00000000,0.00000000); //object(des_pipestrut05) (1)
    CreateObject(987,2237.59960938,2502.50000000,10.80000019,0.00000000,0.00000000,270.00000000); //object(elecfence_bar) (52)
    CreateObject(987,2237.50000000,2490.50000000,10.80000019,0.00000000,0.00000000,270.00000000); //object(elecfence_bar) (54)
    CreateObject(987,2237.60009766,2478.60009766,10.80000019,0.00000000,0.00000000,270.00000000); //object(elecfence_bar) (55)
    CreateObject(987,2237.80004883,2470.80004883,10.80000019,0.00000000,0.00000000,270.00000000); //object(elecfence_bar) (56)
    CreateObject(987,2237.50000000,2445.60009766,11.19999981,0.00000000,0.00000000,270.00000000); //object(elecfence_bar) (57)
    CreateObject(987,2237.39990234,2442.69995117,11.50000000,0.00000000,0.00000000,270.00000000); //object(elecfence_bar) (58)
    CreateObject(987,2237.50000000,2430.50000000,12.39999962,0.00000000,0.00000000,0.00000000); //object(elecfence_bar) (59)
    CreateObject(987,2293.60009766,2502.69995117,10.80000019,0.00000000,0.00000000,180.00000000); //object(elecfence_bar) (60)
    CreateObject(987,2281.60009766,2502.80004883,10.80000019,0.00000000,0.00000000,180.00000000); //object(elecfence_bar) (61)
    CreateObject(987,2269.60009766,2502.80004883,10.80000019,0.00000000,0.00000000,180.00000000); //object(elecfence_bar) (62)
    CreateObject(987,2249.10009766,2502.80004883,10.80000019,0.00000000,0.00000000,180.00000000); //object(elecfence_bar) (63)
    CreateObject(987,2257.69995117,2502.80004883,10.80000019,0.00000000,0.00000000,180.00000000); //object(elecfence_bar) (64)
    CreateObject(9623,2760.69995117,-91.90000153,37.00000000,0.00000000,2.00000000,171.99645996); //object(toll_sfw) (1)
    CreateObject(3578,2777.69995117,-109.80000305,34.90000153,0.00000000,0.00000000,82.00000000); //object(dockbarr1_la) (1)
    CreateObject(3578,2741.10009766,-104.59999847,34.59999847,0.00000000,0.00000000,82.00000000); //object(dockbarr1_la) (2)
    CreateObject(3091,2740.50000000,-115.30000305,34.29999924,0.00000000,0.00000000,0.00000000); //object(imy_track_barrier) (1)
    CreateObject(1226,2776.30004883,-116.69999695,37.70000076,0.00000000,0.00000000,0.00000000); //object(lamppost3) (2)
    CreateObject(1238,2741.80004883,-118.40000153,33.79999924,0.00000000,0.00000000,0.00000000); //object(trafficcone) (2)
    CreateObject(1238,2740.50000000,-118.90000153,33.70000076,0.00000000,0.00000000,0.00000000); //object(trafficcone) (3)
    CreateObject(1238,162.60000610,137.60000610,530.50000000,0.00000000,0.00000000,0.00000000); //object(trafficcone) (4)
    CreateObject(1238,2739.30004883,-119.50000000,33.70000076,0.00000000,0.00000000,0.00000000); //object(trafficcone) (5)
    CreateObject(1238,2774.00000000,-117.69999695,34.00000000,0.00000000,0.00000000,0.00000000); //object(trafficcone) (6)
    CreateObject(1238,2774.80004883,-119.09999847,34.00000000,0.00000000,0.00000000,0.00000000); //object(trafficcone) (7)
    CreateObject(1238,2775.69995117,-120.19999695,34.00000000,0.00000000,0.00000000,0.00000000); //object(trafficcone) (8)
    CreateObject(1315,2713.19995117,-230.69999695,32.09999847,0.00000000,0.00000000,0.00000000); //object(trafficlight1) (1)
    CreateObject(1315,2732.89990234,-236.80000305,30.89999962,0.00000000,0.00000000,0.00000000); //object(trafficlight1) (2)
    CreateObject(2773,254.30000305,-1219.50000000,74.80000305,0.00000000,0.00000000,36.00000000); //object(cj_airprt_bar) (1)
    CreateObject(2773,250.10000610,-1222.69995117,74.80000305,0.00000000,0.00000000,35.00000000); //object(cj_airprt_bar) (2)
    CreateObject(1337,246.00000000,-1225.40002441,75.00000000,0.00000000,0.00000000,0.00000000); //object(binnt07_la) (4)
    CreateObject(2773,157.50000000,134.69999695,530.70001221,0.00000000,0.00000000,0.00000000); //object(cj_airprt_bar) (3)
    CreateObject(8210,2179.19995117,-2199.30004883,19.29999924,0.00000000,0.00000000,225.00000000); //object(vgsselecfence12) (1)
    CreateObject(8210,2139.80004883,-2238.50000000,19.29999924,0.00000000,0.00000000,225.00000000); //object(vgsselecfence12) (2)
    CreateObject(8210,2135.30004883,-2243.30004883,19.29999924,0.00000000,0.00000000,225.00000000); //object(vgsselecfence12) (3)
    CreateObject(987,2115.69995117,-2262.69995117,16.20000076,0.00000000,0.00000000,248.00000000); //object(elecfence_bar) (85)
    CreateObject(987,2110.89990234,-2285.00000000,16.20000076,0.00000000,0.00000000,270.00000000); //object(elecfence_bar) (86)
    CreateObject(987,2111.00000000,-2273.79980469,16.20000076,0.00000000,0.00000000,270.00000000); //object(elecfence_bar) (87)
    CreateObject(987,2110.80004883,-2293.19995117,16.20000076,0.00000000,0.00000000,270.00000000); //object(elecfence_bar) (88)
    CreateObject(987,2110.89990234,-2312.10009766,16.20000076,0.00000000,0.00000000,350.00000000); //object(elecfence_bar) (89)
    CreateObject(987,2111.00000000,-2300.09960938,16.20000076,0.00000000,0.00000000,270.00000000); //object(elecfence_bar) (90)
    CreateObject(987,2119.89990234,-2313.50000000,16.20000076,0.00000000,0.00000000,349.99694824); //object(elecfence_bar) (91)
    CreateObject(987,2131.69995117,-2315.69995117,16.20000076,0.00000000,0.00000000,333.00000000); //object(elecfence_bar) (92)
    CreateObject(987,2149.50000000,-2324.89990234,16.20000076,0.00000000,0.00000000,324.00000000); //object(elecfence_bar) (93)
    CreateObject(987,2138.89941406,-2319.09960938,16.20000076,0.00000000,0.00000000,332.99560547); //object(elecfence_bar) (94)
    CreateObject(987,2159.19995117,-2332.00000000,16.20000076,0.00000000,0.00000000,321.00000000); //object(elecfence_bar) (95)
    CreateObject(987,2168.39990234,-2339.50000000,16.20000076,0.00000000,0.00000000,321.99829102); //object(elecfence_bar) (96)
    CreateObject(987,2176.89990234,-2346.19995117,16.20000076,0.00000000,0.00000000,322.00000000); //object(elecfence_bar) (97)
    CreateObject(987,2186.19995117,-2353.39990234,16.20000076,0.00000000,0.00000000,45.00000000); //object(elecfence_bar) (98)
    CreateObject(987,2219.00000000,-2320.60009766,16.20000076,0.00000000,0.00000000,44.99450684); //object(elecfence_bar) (99)
    CreateObject(987,2194.59960938,-2345.00000000,16.20000076,0.00000000,0.00000000,44.99450684); //object(elecfence_bar) (100)
    CreateObject(987,2202.69921875,-2336.89941406,16.20000076,0.00000000,0.00000000,44.99450684); //object(elecfence_bar) (101)
    CreateObject(987,2210.69921875,-2328.89941406,16.20000076,0.00000000,0.00000000,44.99450684); //object(elecfence_bar) (102)
    CreateObject(987,2223.10009766,-2316.50000000,16.20000076,0.00000000,1.00000000,44.99450684); //object(elecfence_bar) (103)
    CreateObject(987,2229.39990234,-2210.60009766,16.20000076,0.00000000,0.00000000,135.00000000); //object(elecfence_bar) (104)
    CreateObject(987,2206.80004883,-2188.19995117,16.20000076,0.00000000,0.00000000,135.00000000); //object(elecfence_bar) (105)
    CreateObject(987,2221.29980469,-2202.50000000,16.20000076,0.00000000,0.00000000,135.00000000); //object(elecfence_bar) (106)
    CreateObject(987,2212.89941406,-2194.00000000,16.20000076,0.00000000,0.00000000,135.00000000); //object(elecfence_bar) (107)
    CreateObject(987,2249.50000000,-2230.39990234,16.20000076,0.00000000,0.00000000,135.00000000); //object(elecfence_bar) (108)
    CreateObject(987,2268.89990234,-2258.50000000,12.60000038,0.00000000,0.00000000,135.00000000); //object(elecfence_bar) (109)
    CreateObject(987,2247.60009766,-2228.69995117,16.20000076,0.00000000,0.00000000,135.00000000); //object(elecfence_bar) (110)
    CreateObject(3475,2256.00000000,-2240.69995117,18.60000038,0.00000000,0.00000000,135.00000000); //object(vgsn_fncelec_pst) (25)
    CreateObject(987,2257.89941406,-2238.79980469,16.20000076,0.00000000,0.00000000,135.00000000); //object(elecfence_bar) (112)
    CreateObject(4100,2271.60009766,-2261.19995117,17.89999962,0.00000000,0.00000000,5.00000000); //object(meshfence1_lan) (1)
    CreateObject(3749,2234.50000000,-2215.60009766,18.39999962,0.00000000,0.00000000,135.00000000); //object(clubgate01_lax) (3)
    CreateObject(987,-75.90000153,-208.39999390,6.00000000,0.00000000,0.00000000,270.00000000); //object(elecfence_bar) (113)
    CreateObject(987,17.70000076,-218.89999390,5.90000010,0.00000000,0.00000000,174.00000000); //object(elecfence_bar) (114)
    CreateObject(987,6.00000000,-217.69999695,5.90000010,0.00000000,0.00000000,174.00000000); //object(elecfence_bar) (115)
    CreateObject(987,-5.80000019,-216.39999390,5.90000010,0.00000000,0.00000000,174.00000000); //object(elecfence_bar) (116)
    CreateObject(987,-29.50000000,-213.80000305,5.90000010,0.00000000,0.00000000,173.99597168); //object(elecfence_bar) (117)
    CreateObject(987,-17.69921875,-215.09960938,5.90000010,0.00000000,0.00000000,173.99597168); //object(elecfence_bar) (118)
    CreateObject(987,-41.50000000,-212.50000000,5.90000010,0.00000000,0.00000000,173.99597168); //object(elecfence_bar) (119)
    CreateObject(987,-52.79999924,-211.30000305,5.90000010,0.00000000,0.00000000,173.99597168); //object(elecfence_bar) (120)
    CreateObject(987,-64.09999847,-210.00000000,5.90000010,0.00000000,0.00000000,173.99597168); //object(elecfence_bar) (121)
    CreateObject(8210,-47.70000076,-396.00000000,8.80000019,0.00000000,0.00000000,0.00000000); //object(vgsselecfence12) (9)
    CreateObject(8210,-9.89999962,-396.00000000,8.60000038,0.00000000,0.00000000,0.00000000); //object(vgsselecfence12) (10)
    CreateObject(8210,17.50000000,-368.60000610,8.50000000,0.00000000,0.00000000,91.00000000); //object(vgsselecfence12) (11)
    CreateObject(8210,17.29999924,-313.10000610,8.50000000,0.00000000,0.00000000,89.00000000); //object(vgsselecfence12) (12)
    CreateObject(8210,17.79999924,-269.70001221,9.00000000,0.00000000,0.00000000,89.00000000); //object(vgsselecfence12) (13)
    CreateObject(8210,17.89999962,-246.19999695,7.30000019,0.00000000,0.00000000,90.00000000); //object(vgsselecfence12) (14)
    CreateObject(987,-75.90000153,-364.00000000,5.90000010,0.00000000,1.00000000,270.00000000); //object(elecfence_bar) (127)
    CreateObject(987,-75.89941406,-384.59960938,5.90000010,0.00000000,0.99975586,273.99902344); //object(elecfence_bar) (128)
    CreateObject(8210,-75.00000000,-317.89999390,8.50000000,0.00000000,0.00000000,270.00000000); //object(vgsselecfence12) (15)
    CreateObject(8210,-75.39941406,-296.69921875,8.50000000,0.00000000,0.00000000,270.00000000); //object(vgsselecfence12) (16)
    CreateObject(1228,-75.69999695,-330.20001221,4.90000010,0.00000000,0.00000000,0.00000000); //object(roadworkbarrier1) (1)
    CreateObject(1228,-75.69999695,-328.29998779,4.90000010,0.00000000,0.00000000,0.00000000); //object(roadworkbarrier1) (2)
    CreateObject(3749,-75.00000000,-353.10000610,6.30000019,0.00000000,0.00000000,89.00000000); //object(clubgate01_lax) (4)
    CreateObject(987,-75.89941406,-373.00000000,4.50000000,0.00000000,0.99975586,270.00000000); //object(elecfence_bar) (130)
    CreateObject(3749,-489.50000000,-561.79998779,30.39999962,0.00000000,0.00000000,0.00000000); //object(clubgate01_lax) (5)
    CreateObject(16409,-614.09997559,-483.60000610,24.50000000,0.00000000,0.00000000,180.00000000); //object(by_weehangr) (1)
    CreateObject(914,-510.89999390,-508.70001221,34.70000076,120.00000000,0.00000000,0.00000000); //object(grill) (1)
    CreateObject(914,-512.09960938,-508.59960938,34.70000076,119.99816895,0.00000000,0.00000000); //object(grill) (2)
    CreateObject(8210,2265.00000000,2723.39990234,16.89999962,0.00000000,0.00000000,0.00000000); //object(vgsselecfence12) (4)
    CreateObject(8210,2314.60009766,2723.39990234,16.89999962,0.00000000,0.00000000,0.00000000); //object(vgsselecfence12) (5)
    CreateObject(987,2353.39990234,2723.30004883,11.89999962,0.00000000,0.00000000,0.00000000); //object(elecfence_bar) (18)
    CreateObject(987,2365.39990234,2723.30004883,11.89999962,0.00000000,0.00000000,0.00000000); //object(elecfence_bar) (21)
    CreateObject(987,2377.39990234,2723.30004883,11.89999962,0.00000000,0.00000000,0.00000000); //object(elecfence_bar) (46)
    CreateObject(987,2385.50000000,2723.19995117,11.89999962,0.00000000,0.00000000,0.00000000); //object(elecfence_bar) (47)
    CreateObject(987,2414.10009766,2740.39990234,11.80000019,0.00000000,0.00000000,45.00000000); //object(elecfence_bar) (48)
    CreateObject(987,2405.69995117,2731.80004883,11.80000019,0.00000000,0.00000000,46.00000000); //object(elecfence_bar) (49)
    CreateObject(987,2397.39941406,2723.39941406,11.80000019,0.00000000,0.00000000,44.99450684); //object(elecfence_bar) (50)
    CreateObject(987,2422.60009766,2748.69995117,11.80000019,0.00000000,0.00000000,44.99450684); //object(elecfence_bar) (51)
    CreateObject(987,2431.10009766,2757.19995117,11.80000019,0.00000000,0.00000000,44.99450684); //object(elecfence_bar) (53)
    CreateObject(987,2439.60009766,2765.60009766,11.80000019,0.00000000,0.00000000,44.99450684); //object(elecfence_bar) (65)
    CreateObject(987,2449.60009766,2775.60009766,11.80000019,0.00000000,0.00000000,38.00000000); //object(elecfence_bar) (66)
    CreateObject(987,2448.09960938,2774.09960938,11.80000019,0.00000000,0.00000000,37.99621582); //object(elecfence_bar) (67)
    CreateObject(987,2459.10009766,2782.89990234,11.80000019,0.00000000,0.00000000,91.00000000); //object(elecfence_bar) (68)
    CreateObject(987,2459.00000000,2795.00000000,11.80000019,0.00000000,0.00000000,90.99975586); //object(elecfence_bar) (69)
    CreateObject(987,2459.00000000,2807.00000000,11.80000019,0.00000000,0.00000000,90.99975586); //object(elecfence_bar) (70)
    CreateObject(987,2459.10009766,2812.00000000,11.69999981,0.00000000,0.00000000,90.99975586); //object(elecfence_bar) (71)
    CreateObject(8210,2431.19995117,2823.39990234,12.89999962,0.00000000,0.00000000,180.00000000); //object(vgsselecfence12) (8)
    CreateObject(8210,2265.50000000,2823.39990234,12.89999962,0.00000000,0.00000000,179.99450684); //object(vgsselecfence12) (17)
    CreateObject(8210,2375.79980469,2823.39941406,12.89999962,0.00000000,0.00000000,179.99450684); //object(vgsselecfence12) (18)
    CreateObject(8210,2320.50000000,2823.50000000,12.89999962,0.00000000,0.00000000,179.99450684); //object(vgsselecfence12) (19)
    CreateObject(987,2237.39990234,2823.19995117,13.50000000,0.00000000,359.00000000,270.00000000); //object(elecfence_bar) (72)
    CreateObject(987,2237.39990234,2811.19995117,13.80000019,0.00000000,358.99475098,270.00000000); //object(elecfence_bar) (73)
    CreateObject(987,2237.50000000,2799.39990234,13.80000019,0.00000000,358.99475098,270.00000000); //object(elecfence_bar) (74)
    CreateObject(987,2237.50000000,2790.00000000,13.80000019,0.00000000,0.00000000,270.00000000); //object(elecfence_bar) (75)
    CreateObject(987,2237.39990234,2767.39990234,13.80000019,0.00000000,0.00000000,270.00000000); //object(elecfence_bar) (76)
    CreateObject(987,2237.50000000,2755.69995117,13.80000019,0.00000000,0.00000000,270.00000000); //object(elecfence_bar) (77)
    CreateObject(987,2237.39990234,2743.89990234,13.80000019,0.00000000,0.00000000,270.00000000); //object(elecfence_bar) (78)
    CreateObject(987,2237.30004883,2734.89990234,13.80000019,0.00000000,0.00000000,270.00000000); //object(elecfence_bar) (79)
    CreateObject(3749,2238.39990234,2773.30004883,15.69999981,0.00000000,0.00000000,270.00000000); //object(clubgate01_lax) (6)
    CreateObject(3749,2347.60009766,2723.80004883,15.69999981,0.00000000,0.00000000,0.00000000); //object(clubgate01_lax) (7)
    CreateObject(987,2294.39990234,2491.69995117,16.89999962,0.00000000,0.00000000,90.00000000); //object(elecfence_bar) (52)
    CreateObject(987,2294.19921875,2485.29980469,16.89999962,0.00000000,0.00000000,90.00000000); //object(elecfence_bar) (52)
    CreateObject(8210,1730.19995117,782.90002441,14.19999981,0.00000000,0.00000000,180.00000000); //object(vgsselecfence12) (22)
    CreateObject(8210,1605.40002441,783.50000000,12.89999962,0.00000000,0.00000000,179.99450684); //object(vgsselecfence12) (23)
    CreateObject(8210,1674.39941406,783.19921875,14.19999981,0.00000000,0.00000000,179.99450684); //object(vgsselecfence12) (24)
    CreateObject(8210,1647.69921875,783.19921875,14.19999981,0.00000000,0.00000000,179.99450684); //object(vgsselecfence12) (25)
    CreateObject(8210,1577.40002441,755.20001221,14.19999981,0.00000000,0.00000000,272.00000000); //object(vgsselecfence12) (26)
    CreateObject(8210,1577.40002441,751.20001221,13.89999962,0.00000000,0.00000000,271.00000000); //object(vgsselecfence12) (28)
    CreateObject(987,1577.40002441,703.09997559,11.00000000,0.00000000,0.00000000,270.00000000); //object(elecfence_bar) (82)
    CreateObject(987,1577.40002441,691.20001221,11.00000000,0.00000000,0.00000000,270.00000000); //object(elecfence_bar) (83)
    CreateObject(987,1577.40002441,679.40002441,10.89999962,0.00000000,0.00000000,270.00000000); //object(elecfence_bar) (84)
    CreateObject(987,1577.40002441,674.90002441,11.10000038,0.00000000,0.00000000,270.00000000); //object(elecfence_bar) (111)
    CreateObject(8210,1605.00000000,663.09997559,14.19999981,0.00000000,0.00000000,0.00000000); //object(vgsselecfence12) (31)
    CreateObject(8210,1660.00000000,663.20001221,14.19999981,0.00000000,0.00000000,0.00000000); //object(vgsselecfence12) (32)
    CreateObject(8210,1704.59997559,663.09997559,14.19999981,0.00000000,0.00000000,0.00000000); //object(vgsselecfence12) (33)
    CreateObject(8210,1730.00000000,663.20001221,14.19999981,0.00000000,0.00000000,0.00000000); //object(vgsselecfence12) (34)
    CreateObject(8210,1757.50000000,690.20001221,14.19999981,0.00000000,0.00000000,90.00000000); //object(vgsselecfence12) (35)
    CreateObject(8210,1757.59997559,755.40002441,14.19999981,0.00000000,0.00000000,90.00000000); //object(vgsselecfence12) (36)
    CreateObject(8210,1757.59960938,745.09960938,14.19999981,0.00000000,0.00000000,90.00000000); //object(vgsselecfence12) (37)
    CreateObject(3749,1578.30004883,713.00000000,15.60000038,0.00000000,0.00000000,270.00000000); //object(clubgate01_lax) (8)
    CreateObject(8210,2867.50000000,1023.29998779,12.50000000,0.00000000,0.00000000,180.00000000); //object(vgsselecfence12) (6)
    CreateObject(8210,2809.10009766,1023.29998779,12.69999981,0.00000000,0.00000000,179.99450684); //object(vgsselecfence12) (7)
    CreateObject(8210,2833.39941406,1023.29980469,12.19999981,0.00000000,0.00000000,179.99450684); //object(vgsselecfence12) (20)
    CreateObject(8210,2895.10009766,860.90002441,12.80000019,0.00000000,0.00000000,90.00000000); //object(vgsselecfence12) (21)
    CreateObject(8210,2895.09960938,995.50000000,13.00000000,0.00000000,0.00000000,90.00000000); //object(vgsselecfence12) (27)
    CreateObject(8210,2895.09960938,940.00000000,12.80000019,0.00000000,0.00000000,90.00000000); //object(vgsselecfence12) (29)
    CreateObject(8210,2895.09960938,884.50000000,13.00000000,0.00000000,0.00000000,90.00000000); //object(vgsselecfence12) (30)
    CreateObject(8210,2867.89990234,832.90002441,13.00000000,0.00000000,0.00000000,0.00000000); //object(vgsselecfence12) (38)
    CreateObject(8210,2812.60009766,833.00000000,13.00000000,0.00000000,0.00000000,0.00000000); //object(vgsselecfence12) (39)
    CreateObject(8210,2781.69995117,860.59997559,13.00000000,0.00000000,0.00000000,270.00000000); //object(vgsselecfence12) (40)
    CreateObject(8210,2808.80004883,832.59997559,13.00000000,0.00000000,0.00000000,0.00000000); //object(vgsselecfence12) (41)
    CreateObject(8210,2781.39990234,878.29998779,13.00000000,0.00000000,0.00000000,270.00000000); //object(vgsselecfence12) (42)
    CreateObject(8210,2781.60009766,951.70001221,13.00000000,0.00000000,0.00000000,270.00000000); //object(vgsselecfence12) (43)
    CreateObject(8210,2781.80004883,996.09997559,13.00000000,0.00000000,0.00000000,270.00000000); //object(vgsselecfence12) (44)
    CreateObject(3749,2782.50000000,914.79998779,15.60000038,0.00000000,0.00000000,270.00000000); //object(clubgate01_lax) (9)
//==============BASE2==================
CreateObject(8210,2783.19995117,-2330.39990234,15.69999981,0.00000000,0.00000000,180.00000000); //object(vgsselecfence12) (1)
CreateObject(8210,2750.00000000,-2330.60009766,15.69999981,0.00000000,0.00000000,180.00000000); //object(vgsselecfence12) (2)
CreateObject(987,2722.30004883,-2342.60009766,15.80000019,0.00000000,0.00000000,271.00000000); //object(elecfence_bar) (3)
CreateObject(987,2722.19995117,-2330.60009766,12.60000038,0.00000000,0.00000000,271.00000000); //object(elecfence_bar) (4)
CreateObject(987,2722.39990234,-2342.69995117,12.60000038,0.00000000,0.00000000,271.00000000); //object(elecfence_bar) (5)
CreateObject(987,2720.00000000,-2409.60009766,15.30000019,0.00000000,0.00000000,270.00000000); //object(elecfence_bar) (6)
CreateObject(987,2719.89990234,-2384.00000000,15.30000019,0.00000000,0.00000000,90.00000000); //object(elecfence_bar) (7)
CreateObject(987,2720.00000000,-2389.69995117,15.30000019,0.00000000,0.00000000,270.00000000); //object(elecfence_bar) (8)
CreateObject(987,2720.00000000,-2384.10009766,15.30000019,0.00000000,0.00000000,270.00000000); //object(elecfence_bar) (9)
CreateObject(3115,2778.10009766,-2351.00000000,13.50000000,0.00000000,0.00000000,90.00000000); //object(carrier_lift1_sfse) (1)
CreateObject(2886,2720.00000000,-2410.19995117,14.30000019,0.00000000,0.00000000,269.00000000); //object(sec_keypad) (1)
CreateObject(3885,2714.89990234,-2422.69995117,28.89999962,1.00000000,0.00000000,0.00000000); //object(sambase_sfxrf) (1)
CreateObject(3884,2714.89990234,-2422.50000000,29.39999962,0.99975586,0.00000000,29.99816895); //object(samsite_sfxrf) (1)
CreateObject(3385,2711.10009766,-2409.69995117,12.50000000,0.00000000,0.00000000,0.00000000); //object(a51_light1_) (1)
CreateObject(2985,2741.69995117,-2383.30004883,16.29999924,0.00000000,0.00000000,230.00000000); //object(minigun_base) (1)
CreateObject(3115,2793.69995117,-2541.60009766,13.50000000,0.00000000,0.00000000,0.00000000); //object(carrier_lift1_sfse) (2)
CreateObject(1310,2774.19995117,-2425.39990234,15.89999962,0.00000000,0.00000000,270.00000000); //object(pikupparachute) (1)
CreateObject(2064,2740.00000000,-2414.39990234,13.30000019,0.00000000,0.00000000,240.00000000); //object(cj_feildgun) (1)
CreateObject(1209,2771.80004883,-2395.10009766,12.60000038,0.00000000,0.00000000,270.00000000); //object(vendmach) (1)
CreateObject(4574,2697.19995117,-2419.89990234,53.70000076,0.00000000,0.00000000,0.00000000); //object(stolenbuilds13) (1)
CreateObject(3928,2676.67773438,-2410.50976562,51.81884766,0.00000000,0.00000000,0.00000000); //object(helipad) (1)
CreateObject(3934,2794.84570312,-2540.23144531,13.62963963,0.00000000,0.00000000,0.00000000); //object(helipad01) (1)
CreateObject(3934,2793.89990234,-2541.50000000,13.80000019,0.00000000,0.00000000,0.00000000); //object(helipad01) (2)
CreateObject(3934,2777.88378906,-2355.16992188,13.63974094,0.00000000,0.00000000,0.00000000); //object(helipad01) (4)
CreateObject(3934,2778.19995117,-2351.00000000,13.80000019,0.00000000,0.00000000,0.00000000); //object(helipad01) (5)
CreateObject(1238,2709.19995117,-2396.00000000,13.00000000,0.00000000,0.00000000,0.00000000); //object(trafficcone) (1)
CreateObject(1238,2708.00000000,-2397.50000000,13.00000000,0.00000000,0.00000000,0.00000000); //object(trafficcone) (2)
CreateObject(1238,2706.50000000,-2399.39990234,13.00000000,0.00000000,0.00000000,0.00000000); //object(trafficcone) (3)
CreateObject(1238,2705.50000000,-2411.69995117,13.00000000,0.00000000,0.00000000,0.00000000); //object(trafficcone) (4)
CreateObject(1238,2706.69995117,-2413.30004883,13.00000000,0.00000000,0.00000000,0.00000000); //object(trafficcone) (5)
CreateObject(1238,2707.89990234,-2414.89990234,13.00000000,0.00000000,0.00000000,0.00000000); //object(trafficcone) (6)
CreateObject(1596,2774.89990234,-2392.69995117,20.50000000,0.00000000,0.00000000,250.00000000); //object(satdishsml) (1)
CreateObject(979,2725.50000000,-2410.39990234,13.50000000,0.00000000,0.00000000,0.00000000); //object(sub_roadleft) (1)
CreateObject(979,2725.60009766,-2400.30004883,13.50000000,0.00000000,0.00000000,0.00000000); //object(sub_roadleft) (2)
CreateObject(979,2735.10009766,-2410.39990234,13.50000000,0.00000000,0.00000000,0.00000000); //object(sub_roadleft) (3)
CreateObject(979,2735.10009766,-2400.30004883,13.50000000,0.00000000,0.00000000,0.00000000); //object(sub_roadleft) (4)
CreateObject(981,2713.30004883,-2502.69995117,13.50000000,0.00000000,0.00000000,270.00000000); //object(helix_barrier) (1)
CreateObject(987,2720.19995117,-2487.80004883,15.10000038,0.00000000,0.00000000,270.00000000); //object(elecfence_bar) (1)
CreateObject(987,2720.00000000,-2508.19995117,15.10000038,0.00000000,0.00000000,270.00000000); //object(elecfence_bar) (2)
CreateObject(980,2720.60009766,-2504.19995117,15.30000019,0.00000000,0.00000000,90.00000000); //object(airportgate) (2)
CreateObject(4504,2699.19995117,-2501.10009766,15.19999981,0.00000000,0.00000000,180.00000000); //object(cuntw_roadblockld) (1)
CreateObject(987,2727.00000000,-2550.69995117,15.10000038,0.00000000,0.00000000,270.00000000); //object(elecfence_bar) (10)
CreateObject(987,2727.10009766,-2553.50000000,15.10000038,0.00000000,0.00000000,270.00000000); //object(elecfence_bar) (11)
CreateObject(8210,2754.60009766,-2565.19995117,15.69999981,0.00000000,0.00000000,0.00000000); //object(vgsselecfence12) (3)
CreateObject(3578,2714.39990234,-2400.19995117,13.39999962,0.00000000,0.00000000,0.00000000); //object(dockbarr1_la) (1)
CreateObject(3578,2714.50000000,-2410.69995117,13.39999962,0.00000000,0.00000000,0.00000000); //object(dockbarr1_la) (2)
CreateObject(3264,2700.10009766,-2399.10009766,12.60000038,0.00000000,0.00000000,270.00000000); //object(privatesign3) (1)
CreateObject(3279,2727.89990234,-2391.30004883,12.60000038,0.00000000,0.00000000,0.00000000); //object(a51_spottower) (1)
CreateObject(16093,2700.50000000,-2392.30004883,16.89999962,0.00000000,0.00000000,270.00000000); //object(a51_gatecontrol) (1)
CreateObject(1650,2769.30004883,-2388.39990234,12.89999962,0.00000000,0.00000000,0.00000000); //object(petrolcanm) (1)
CreateObject(1650,2769.30004883,-2388.00000000,12.89999962,0.00000000,0.00000000,0.00000000); //object(petrolcanm) (2)
CreateObject(2061,2769.80004883,-2388.60009766,15.50000000,0.00000000,0.00000000,0.00000000); //object(cj_shells1) (1)
CreateObject(2061,2769.69995117,-2389.89990234,15.50000000,0.00000000,0.00000000,0.00000000); //object(cj_shells1) (2)
CreateObject(2061,2769.80004883,-2389.30004883,15.50000000,0.00000000,0.00000000,0.00000000); //object(cj_shells1) (3)
CreateObject(2061,2769.80004883,-2388.89990234,15.50000000,0.00000000,0.00000000,0.00000000); //object(cj_shells1) (4)
CreateObject(2061,2769.80004883,-2389.60009766,15.50000000,0.00000000,0.00000000,0.00000000); //object(cj_shells1) (5)
CreateObject(3385,2783.69995117,-2533.10009766,13.80000019,0.00000000,0.00000000,0.00000000); //object(a51_light1_) (2)
CreateObject(3385,2783.80004883,-2550.00000000,13.80000019,0.00000000,0.00000000,0.00000000); //object(a51_light1_) (3)
CreateObject(3385,2803.60009766,-2550.19995117,13.80000019,0.00000000,0.00000000,0.00000000); //object(a51_light1_) (4)
CreateObject(3385,2786.39990234,-2360.80004883,13.80000019,0.00000000,0.00000000,0.00000000); //object(a51_light1_) (5)
CreateObject(3385,2769.89990234,-2341.80004883,13.80000019,0.00000000,0.00000000,0.00000000); //object(a51_light1_) (6)
CreateObject(3385,2786.60009766,-2341.60009766,13.80000019,0.00000000,0.00000000,0.00000000); //object(a51_light1_) (7)
CreateObject(987,2708.80004883,-2514.30004883,16.39999962,0.00000000,0.00000000,180.00000000); //object(elecfence_bar) (12)
CreateObject(987,2685.80004883,-2514.60009766,16.39999962,0.00000000,0.00000000,1.00000000); //object(elecfence_bar) (13)
CreateObject(987,2686.00000000,-2514.80004883,16.39999962,0.00000000,0.00000000,270.00000000); //object(elecfence_bar) (14)
CreateObject(3385,2711.10009766,-2401.19995117,12.50000000,0.00000000,0.00000000,0.00000000); //object(a51_light1_) (8)
CreateObject(3385,2718.69995117,-2401.19995117,12.50000000,0.00000000,0.00000000,0.00000000); //object(a51_light1_) (9)
CreateObject(3385,2718.60009766,-2409.69995117,12.50000000,0.00000000,0.00000000,0.00000000); //object(a51_light1_) (10)
CreateObject(3385,2769.69995117,-2360.80004883,13.80000019,0.00000000,0.00000000,0.00000000); //object(a51_light1_) (11)
CreateObject(3385,2803.10009766,-2533.00000000,13.80000019,0.00000000,0.00000000,0.00000000); //object(a51_light1_) (12)
CreateObject(2892,2450.64648438,-2369.82128906,56.24248123,0.00000000,0.00000000,0.00000000); //object(temp_stinger) (1)
CreateObject(2892,2716.35742188,-2401.65820312,12.18250751,0.00000000,0.00000000,0.00000000); //object(temp_stinger) (2)
CreateObject(2892,2700.83300781,-2417.35253906,12.35438251,0.00000000,0.00000000,0.00000000); //object(temp_stinger) (5)
CreateObject(2892,2705.50000000,-2398.00000000,12.60000038,0.00000000,0.00000000,328.00000000); //object(temp_stinger) (6)
CreateObject(2892,2703.10009766,-2413.00000000,12.60000038,0.00000000,0.00000000,18.00000000); //object(temp_stinger) (7)
CreateObject(987,1456.69995117,-693.70001221,94.40000153,0.00000000,0.00000000,0.00000000); //object(elecfence_bar) (15)
CreateObject(987,1456.59997559,-669.79998779,94.40000153,0.00000000,0.00000000,270.00000000); //object(elecfence_bar) (16)
CreateObject(987,1468.50000000,-657.40002441,93.80000305,0.00000000,0.00000000,180.00000000); //object(elecfence_bar) (17)
CreateObject(987,1456.69995117,-657.59997559,94.40000153,0.00000000,0.00000000,270.00000000); //object(elecfence_bar) (18)
CreateObject(987,1481.30004883,-699.90002441,94.40000153,0.00000000,1.00000000,0.00000000); //object(elecfence_bar) (19)
CreateObject(987,1456.69995117,-681.70001221,94.40000153,0.00000000,0.00000000,270.00000000); //object(elecfence_bar) (20)
CreateObject(987,1480.59997559,-657.40002441,93.80000305,0.00000000,0.00000000,180.00000000); //object(elecfence_bar) (21)
CreateObject(987,1492.59997559,-657.40002441,93.80000305,0.00000000,0.00000000,180.00000000); //object(elecfence_bar) (22)
CreateObject(987,1504.50000000,-657.40002441,93.80000305,0.00000000,0.00000000,180.00000000); //object(elecfence_bar) (23)
CreateObject(987,1516.30004883,-657.40002441,93.80000305,0.00000000,0.00000000,180.00000000); //object(elecfence_bar) (24)
CreateObject(987,1528.09997559,-657.40002441,93.80000305,0.00000000,0.00000000,180.00000000); //object(elecfence_bar) (25)
CreateObject(987,1530.59997559,-657.40002441,93.80000305,0.00000000,0.00000000,180.00000000); //object(elecfence_bar) (26)
CreateObject(987,1530.90002441,-669.09997559,94.40000153,0.00000000,0.00000000,90.00000000); //object(elecfence_bar) (27)
CreateObject(987,1530.90002441,-681.20001221,94.40000153,0.00000000,0.00000000,90.00000000); //object(elecfence_bar) (28)
CreateObject(987,1530.90002441,-699.70001221,94.40000153,0.00000000,0.00000000,90.00000000); //object(elecfence_bar) (29)
CreateObject(987,1531.00000000,-687.70001221,94.40000153,0.00000000,0.00000000,90.00000000); //object(elecfence_bar) (30)
CreateObject(987,1509.59997559,-699.79998779,94.40000153,0.00000000,0.00000000,0.00000000); //object(elecfence_bar) (31)
CreateObject(987,1519.19995117,-699.90002441,94.40000153,0.00000000,0.00000000,1.00000000); //object(elecfence_bar) (32)
CreateObject(987,1468.59997559,-693.79998779,94.40000153,0.00000000,0.00000000,0.00000000); //object(elecfence_bar) (33)
CreateObject(3475,1481.30004883,-696.90002441,96.80000305,0.00000000,0.00000000,0.00000000); //object(vgsn_fncelec_pst) (1)
CreateObject(987,1468.90002441,-693.90002441,94.40000153,0.00000000,0.00000000,0.00000000); //object(elecfence_bar) (38)
CreateObject(3749,1499.80004883,-700.00000000,99.59999847,0.00000000,0.00000000,0.00000000); //object(clubgate01_lax) (1)
CreateObject(980,1499.80004883,-699.40002441,96.50000000,0.00000000,0.00000000,180.00000000); //object(airportgate) (3)
CreateObject(3115,1467.19995117,-674.20001221,94.59999847,0.00000000,0.00000000,270.00000000); //object(carrier_lift1_sfse) (4)
CreateObject(3385,1458.90002441,-683.50000000,94.90000153,0.00000000,0.00000000,0.00000000); //object(a51_light1_) (13)
CreateObject(3385,1475.80004883,-664.00000000,94.90000153,0.00000000,0.00000000,0.00000000); //object(a51_light1_) (14)
CreateObject(3385,1458.69995117,-664.29998779,94.90000153,0.00000000,0.00000000,0.00000000); //object(a51_light1_) (15)
CreateObject(3385,1475.59997559,-683.79998779,94.90000153,0.00000000,0.00000000,0.00000000); //object(a51_light1_) (16)
CreateObject(16782,2774.69995117,-2418.30004883,20.00000000,0.00000000,0.00000000,0.00000000); //object(a51_radar_scan) (2)
CreateObject(16782,2764.39990234,-2375.00000000,16.39999962,0.00000000,0.00000000,270.00000000); //object(a51_radar_scan) (3)
CreateObject(16782,2729.10009766,-2431.80004883,17.79999924,0.00000000,0.00000000,1.00000000); //object(a51_radar_scan) (4)
CreateObject(1225,2766.60009766,-2383.89990234,13.00000000,0.00000000,0.00000000,0.00000000); //object(barrel4) (1)
CreateObject(1225,2766.60009766,-2384.80004883,13.00000000,0.00000000,0.00000000,0.00000000); //object(barrel4) (2)
CreateObject(1225,2766.60009766,-2385.80004883,13.00000000,0.00000000,0.00000000,0.00000000); //object(barrel4) (3)
CreateObject(1225,2766.60009766,-2386.89990234,13.00000000,0.00000000,0.00000000,0.00000000); //object(barrel4) (4)
CreateObject(1225,2767.50000000,-2384.00000000,13.00000000,0.00000000,0.00000000,0.00000000); //object(barrel4) (5)
CreateObject(1225,2767.50000000,-2384.89990234,13.00000000,0.00000000,0.00000000,0.00000000); //object(barrel4) (6)
CreateObject(1225,2767.50000000,-2385.80004883,13.00000000,0.00000000,0.00000000,0.00000000); //object(barrel4) (8)
CreateObject(1225,2767.50000000,-2386.80004883,13.00000000,0.00000000,0.00000000,0.00000000); //object(barrel4) (9)
CreateObject(3934,2733.61914062,-2458.93945312,12.46541691,0.00000000,0.00000000,0.00000000); //object(helipad01) (3)
CreateObject(3934,1468.91308594,-673.45214844,94.73137665,0.00000000,0.00000000,0.00000000); //object(helipad01) (6)
CreateObject(3928,1466.58300781,-676.30566406,94.74488068,0.00000000,0.00000000,0.00000000); //object(helipad) (2)
CreateObject(3928,1467.69995117,-674.40002441,94.90000153,0.00000000,0.00000000,0.00000000); //object(helipad) (3)
CreateObject(642,1523.50000000,-675.59997559,95.19999695,0.00000000,0.00000000,0.00000000); //object(kb_canopy_test) (1)
CreateObject(1215,1502.19995117,-710.29998779,94.19999695,0.00000000,0.00000000,0.00000000); //object(bollardlight) (1)
CreateObject(1215,1492.59997559,-710.20001221,94.30000305,0.00000000,0.00000000,0.00000000); //object(bollardlight) (2)
CreateObject(870,1484.80004883,-702.09997559,93.69999695,0.00000000,0.00000000,0.00000000); //object(veg_pflowers2wee) (1)
CreateObject(870,1511.19995117,-700.70001221,93.50000000,0.00000000,0.00000000,0.00000000); //object(veg_pflowers2wee) (2)
CreateObject(2788,1523.69995117,-674.50000000,94.30000305,0.00000000,0.00000000,80.00000000); //object(cj_burg_chair) (1)
CreateObject(2788,1523.50000000,-676.79998779,94.30000305,0.00000000,0.00000000,270.00000000); //object(cj_burg_chair) (2)
CreateObject(1481,1530.30004883,-673.50000000,94.50000000,0.00000000,0.00000000,270.00000000); //object(dyn_bar_b_q) (1)
CreateObject(3496,1523.19995117,-658.09997559,93.80000305,0.00000000,0.00000000,180.00000000); //object(vgsxrefbballnet) (2)
CreateObject(2114,1523.19995117,-661.90002441,93.90000153,0.00000000,0.00000000,0.00000000); //object(basketball) (1)
CreateObject(1255,1514.09997559,-678.09997559,94.30000305,0.00000000,0.00000000,0.00000000); //object(lounger) (1)
CreateObject(3475,1542.59997559,-1617.59997559,18.29999924,0.00000000,0.00000000,90.00000000); //object(vgsn_fncelec_pst) (2)
CreateObject(3475,1546.69995117,-1617.59997559,18.29999924,0.00000000,0.00000000,90.00000000); //object(vgsn_fncelec_pst) (3)
CreateObject(3475,1539.80004883,-1605.50000000,18.29999924,0.00000000,0.00000000,0.00000000); //object(vgsn_fncelec_pst) (4)
CreateObject(3475,1539.80004883,-1610.80004883,18.29999924,0.00000000,0.00000000,0.00000000); //object(vgsn_fncelec_pst) (5)
CreateObject(3475,1539.80004883,-1615.09997559,18.29999924,0.00000000,0.00000000,0.00000000); //object(vgsn_fncelec_pst) (6)
CreateObject(3475,1542.59997559,-1602.40002441,18.29999924,0.00000000,0.00000000,270.00000000); //object(vgsn_fncelec_pst) (7)
CreateObject(3475,1548.30004883,-1602.40002441,18.29999924,0.00000000,0.00000000,270.00000000); //object(vgsn_fncelec_pst) (8)
CreateObject(3475,1554.00000000,-1602.50000000,18.29999924,0.00000000,0.00000000,270.00000000); //object(vgsn_fncelec_pst) (9)
CreateObject(3475,1560.09997559,-1602.50000000,18.29999924,0.00000000,0.00000000,270.00000000); //object(vgsn_fncelec_pst) (10)
CreateObject(3475,1566.00000000,-1602.40002441,18.29999924,0.00000000,0.00000000,270.00000000); //object(vgsn_fncelec_pst) (11)
CreateObject(3475,1572.09997559,-1602.50000000,18.29999924,0.00000000,0.00000000,270.00000000); //object(vgsn_fncelec_pst) (12)
CreateObject(3475,1577.59997559,-1602.59997559,18.29999924,0.00000000,0.00000000,270.00000000); //object(vgsn_fncelec_pst) (13)
CreateObject(3475,1583.59997559,-1602.40002441,18.29999924,0.00000000,0.00000000,270.00000000); //object(vgsn_fncelec_pst) (14)
CreateObject(3475,1589.50000000,-1602.50000000,18.29999924,0.00000000,0.00000000,270.00000000); //object(vgsn_fncelec_pst) (15)
CreateObject(3475,1595.30004883,-1602.40002441,18.29999924,0.00000000,0.00000000,270.00000000); //object(vgsn_fncelec_pst) (16)
CreateObject(3475,1601.19995117,-1602.59997559,18.29999924,0.00000000,0.00000000,270.00000000); //object(vgsn_fncelec_pst) (17)
CreateObject(3475,1604.80004883,-1602.59997559,18.29999924,0.00000000,0.00000000,270.00000000); //object(vgsn_fncelec_pst) (18)
CreateObject(3475,1607.90002441,-1605.09997559,18.29999924,0.00000000,0.00000000,180.00000000); //object(vgsn_fncelec_pst) (19)
CreateObject(3475,1607.90002441,-1610.69995117,18.29999924,0.00000000,0.00000000,180.00000000); //object(vgsn_fncelec_pst) (20)
CreateObject(3475,1607.90002441,-1616.50000000,18.29999924,0.00000000,0.00000000,180.00000000); //object(vgsn_fncelec_pst) (21)
CreateObject(3475,1608.00000000,-1622.00000000,18.29999924,0.00000000,0.00000000,180.00000000); //object(vgsn_fncelec_pst) (22)
CreateObject(3475,1607.80004883,-1627.80004883,18.29999924,0.00000000,0.00000000,180.00000000); //object(vgsn_fncelec_pst) (23)
CreateObject(3475,1607.80004883,-1632.90002441,18.29999924,0.00000000,0.00000000,180.00000000); //object(vgsn_fncelec_pst) (24)
CreateObject(3475,1607.90002441,-1635.19995117,18.29999924,0.00000000,0.00000000,0.00000000); //object(vgsn_fncelec_pst) (25)
//=================CASAVIP2================
//Casa Viniewood 1
    CreateObject(987,1083.90002441,-627.70001221,116.90000153,0.00000000,0.00000000,180.00000000); //object(elecfence_bar) (1)
    CreateObject(987,1070.80004883,-627.70001221,116.90000153,0.00000000,2.00000000,275.00000000); //object(elecfence_bar) (2)
    CreateObject(3749,1094.09997559,-628.79998779,114.80000305,0.00000000,8.00000000,353.00000000); //object(clubgate01_lax) (4)
    CreateObject(987,1082.69921875,-627.79980469,116.90000153,0.00000000,0.00000000,179.99450684); //object(elecfence_bar) (5)
    CreateObject(987,1071.80004883,-639.00000000,116.40000153,0.00000000,1.99951172,277.00000000); //object(elecfence_bar) (3)
    CreateObject(987,1073.19995117,-651.00000000,116.40000153,0.00000000,1.99951172,276.99829102); //object(elecfence_bar) (4)
    CreateObject(987,1074.50000000,-662.90002441,116.40000153,0.00000000,1.99951172,273.00000000); //object(elecfence_bar) (6)
    CreateObject(672,1080.09997559,-678.40002441,112.59999847,0.00000000,0.00000000,0.00000000); //object(sm_veg_tree5) (1)
    CreateObject(710,1108.00000000,-672.20001221,128.50000000,0.00000000,0.00000000,154.20959473); //object(vgs_palm01) (1)
    CreateObject(710,1111.69995117,-635.09997559,125.09999847,0.00000000,0.00000000,201.21203613); //object(vgs_palm01) (2)
    CreateObject(987,1075.09997559,-674.79998779,116.19999695,0.00000000,1.99951172,272.99926758); //object(elecfence_bar) (7)
    CreateObject(987,1075.69921875,-681.69921875,116.09999847,0.00000000,1.99951172,272.99926758); //object(elecfence_bar) (9)
    CreateObject(983,1079.39941406,-693.09960938,116.50000000,0.00000000,0.00000000,276.99829102); //object(fenceshit3) (2)
    CreateObject(983,1083.00000000,-692.59960938,116.40000153,0.00000000,0.00000000,276.99829102); //object(fenceshit3) (3)
    CreateObject(983,1088.89941406,-690.79980469,116.30000305,0.00000000,0.00000000,294.99938965); //object(fenceshit3) (4)
    CreateObject(983,1094.69921875,-688.09960938,116.30000305,0.00000000,0.00000000,294.99938965); //object(fenceshit3) (5)
    CreateObject(983,1100.39941406,-685.39941406,116.30000305,0.00000000,0.00000000,294.99938965); //object(fenceshit3) (6)
    CreateObject(983,1116.00000000,-683.59997559,117.00000000,3.00000000,0.00000000,272.00000000); //object(fenceshit3) (7)
    CreateObject(983,1106.39941406,-683.89941406,116.40000153,1.99951172,0.00000000,271.99951172); //object(fenceshit3) (8)
    CreateObject(983,1112.79980469,-683.69921875,116.69999695,2.99926758,0.00000000,271.99951172); //object(fenceshit3) (9)
    CreateObject(987,1119.00000000,-683.50000000,116.59999847,0.00000000,3.00000000,93.00000000); //object(elecfence_bar) (10)
    CreateObject(987,1118.39941406,-671.59960938,116.00000000,0.00000000,2.99926758,92.99926758); //object(elecfence_bar) (12)
    CreateObject(987,1117.79980469,-659.79980469,115.40000153,0.00000000,2.99926758,92.99926758); //object(elecfence_bar) (13)
    CreateObject(987,1117.00000000,-645.00000000,114.50000000,0.00000000,6.00000000,91.00000000); //object(elecfence_bar) (14)
    CreateObject(987,1116.80004883,-632.70001221,113.09999847,0.00000000,0.00000000,168.00000000); //object(elecfence_bar) (15)
    CreateObject(987,1117.50000000,-654.69921875,115.09999847,0.00000000,2.99926758,92.99926758); //object(elecfence_bar) (16)
    CreateObject(1226,1104.69995117,-629.00000000,117.00000000,0.00000000,0.00000000,260.00000000); //object(lamppost3) (1)
    CreateObject(646,1093.09997559,-647.29998779,114.09999847,0.00000000,0.00000000,0.00000000); //object(veg_palmkb14) (1)
    CreateObject(646,1096.59997559,-647.29998779,114.09999847,0.00000000,0.00000000,0.00000000); //object(veg_palmkb14) (2)
    CreateObject(870,1114.30004883,-643.29998779,111.90000153,0.00000000,0.00000000,0.00000000); //object(veg_pflowers2wee) (1)
    CreateObject(1364,1108.40002441,-649.29998779,113.19999695,0.00000000,0.00000000,180.00000000); //object(cj_bush_prop) (1)
    CreateObject(1364,1102.40002441,-649.29998779,113.40000153,0.00000000,0.00000000,179.99450684); //object(cj_bush_prop) (2)
    CreateObject(1597,1103.80004883,-678.59997559,115.30000305,0.00000000,0.00000000,0.00000000); //object(cntrlrsac1) (1)
    CreateObject(1597,1104.00000000,-669.00000000,115.40000153,0.00000000,0.00000000,0.00000000); //object(cntrlrsac1) (2)
    CreateObject(1597,1094.80004883,-684.20001221,115.30000305,0.00000000,0.00000000,270.00000000); //object(cntrlrsac1) (3)
    CreateObject(1597,1085.50000000,-679.09997559,115.30000305,0.00000000,0.00000000,0.00000000); //object(cntrlrsac1) (5)
    CreateObject(1597,1085.30004883,-669.40002441,115.30000305,0.00000000,0.00000000,0.00000000); //object(cntrlrsac1) (6)
    CreateObject(3802,1100.69995117,-649.29998779,114.80000305,0.00000000,0.00000000,0.00000000); //object(sfx_plant03) (1)
    CreateObject(951,1099.09997559,-654.50000000,121.09999847,0.00000000,0.00000000,0.00000000); //object(cj_view_tele2) (1)
    CreateObject(1432,1113.19995117,-679.79998779,113.19999695,0.00000000,0.00000000,0.00000000); //object(dyn_table_2) (1)
    CreateObject(1594,1082.40002441,-669.79998779,113.09999847,0.00000000,0.00000000,0.00000000); //object(chairsntable) (1)
    CreateObject(1594,1081.09997559,-663.29998779,113.09999847,0.00000000,0.00000000,0.00000000); //object(chairsntable) (2)
    CreateObject(1432,1113.50000000,-673.50000000,113.09999847,0.00000000,0.00000000,0.00000000); //object(dyn_table_2) (2)
    CreateObject(1968,1085.30004883,-687.79998779,113.19999695,0.00000000,0.00000000,0.00000000); //object(dinerseat_2) (1)
//================TAXI================
AddStaticVehicleEx(438,1804.00000000,-1932.59997559,13.60000038,90.00000000,6,1,15); //Cabbie
AddStaticVehicleEx(438,1804.09997559,-1926.80004883,13.60000038,90.00000000,6,1,15); //Cabbie
AddStaticVehicleEx(438,1803.90002441,-1921.50000000,13.60000038,90.00000000,6,1,15); //Cabbie
AddStaticVehicleEx(420,1803.69995117,-1916.09997559,13.19999981,90.00000000,6,1,15); //Taxi
AddStaticVehicleEx(420,1803.50000000,-1910.50000000,13.19999981,90.00000000,6,1,15); //Taxi
AddStaticVehicleEx(420,1803.50000000,-1904.90002441,13.19999981,90.00000000,6,1,15); //Taxi
AddStaticVehicleEx(431,1779.69995117,-1931.80004883,13.60000038,270.00000000,-1,3,15); //Bus
AddStaticVehicleEx(431,1779.80004883,-1926.69995117,13.60000038,270.00000000,3,86,15); //Bus
AddStaticVehicleEx(431,1779.69995117,-1920.90002441,13.60000038,270.00000000,6,-1,15); //Bus
AddStaticVehicleEx(483,1776.90002441,-1915.19995117,13.50000000,270.00000000,106,7,15); //Camper
AddStaticVehicleEx(483,1776.90002441,-1910.00000000,13.50000000,270.00000000,-1,1,15); //Camper
AddStaticVehicleEx(483,1776.90002441,-1904.50000000,13.50000000,270.00000000,112,44,15); //Camper
CreateObject(3749,1809.69995117,-1891.00000000,18.29999924,0.00000000,0.00000000,270.00000000); //object(clubgate01_lax) (1)
CreateObject(987,1782.59997559,-1942.69995117,15.39999962,0.00000000,0.00000000,0.00000000); //object(elecfence_bar) (1)
CreateObject(987,1771.09997559,-1942.59997559,12.60000038,0.00000000,0.00000000,0.00000000); //object(elecfence_bar) (2)
CreateObject(987,1794.40002441,-1942.80004883,15.39999962,0.00000000,0.00000000,0.00000000); //object(elecfence_bar) (3)
CreateObject(987,1760.00000000,-1942.59997559,12.60000038,0.00000000,0.00000000,0.00000000); //object(elecfence_bar) (4)
CreateObject(987,1798.59997559,-1942.80004883,15.39999962,0.00000000,0.00000000,0.00000000); //object(elecfence_bar) (5)
CreateObject(987,1811.50000000,-1942.59997559,16.20000076,0.00000000,0.00000000,90.00000000); //object(elecfence_bar) (6)
CreateObject(987,1811.50000000,-1931.40002441,16.20000076,0.00000000,0.00000000,90.00000000); //object(elecfence_bar) (7)
CreateObject(987,1811.50000000,-1919.80004883,16.20000076,0.00000000,0.00000000,90.00000000); //object(elecfence_bar) (8)
CreateObject(987,1811.50000000,-1910.40002441,16.20000076,0.00000000,0.00000000,90.00000000); //object(elecfence_bar) (9)
CreateObject(987,1700.19995117,-1899.09997559,15.60000038,0.00000000,0.00000000,270.00000000); //object(elecfence_bar) (10)
CreateObject(987,1700.19995117,-1888.50000000,15.60000038,0.00000000,0.00000000,270.00000000); //object(elecfence_bar) (11)
CreateObject(987,1700.19995117,-1935.40002441,15.60000038,0.00000000,0.00000000,0.00000000); //object(elecfence_bar) (12)
CreateObject(987,1711.30004883,-1935.40002441,15.60000038,0.00000000,0.00000000,0.00000000); //object(elecfence_bar) (13)
CreateObject(987,1717.30004883,-1935.50000000,15.89999962,0.00000000,0.00000000,0.00000000); //object(elecfence_bar) (14)
CreateObject(987,1700.09997559,-1911.09997559,15.60000038,0.00000000,0.00000000,270.00000000); //object(elecfence_bar) (15)
CreateObject(987,1700.19995117,-1922.80004883,15.60000038,0.00000000,0.00000000,270.00000000); //object(elecfence_bar) (16)
CreateObject(18284,1803.30004883,-1910.59997559,15.30000019,0.00000000,0.00000000,0.00000000); //object(cw_tscanopy) (1)
CreateObject(18284,1803.30004883,-1927.19995117,15.30000019,0.00000000,0.00000000,0.00000000); //object(cw_tscanopy) (2)
CreateObject(18284,1777.00000000,-1926.40002441,15.30000019,0.00000000,0.00000000,0.00000000); //object(cw_tscanopy) (3)
CreateObject(18284,1777.09997559,-1909.90002441,15.30000019,0.00000000,0.00000000,0.00000000); //object(cw_tscanopy) (4)
//=================CERCAS-FA==============
    CreateObject(3475,-1342.09997559,456.60000610,8.60000038,0.00000000,0.00000000,0.00000000); //object(vgsn_fncelec_pst) (2)
    CreateObject(3475,-1345.00000000,454.50000000,8.60000038,0.00000000,0.00000000,270.00000000); //object(vgsn_fncelec_pst) (3)
    CreateObject(3475,-1345.50000000,456.39999390,26.00000000,0.00000000,0.00000000,2.00000000); //object(vgsn_fncelec_pst) (4)
    CreateObject(3475,-1345.50000000,456.39999390,8.60000038,0.00000000,0.00000000,1.99951172); //object(vgsn_fncelec_pst) (5)
    CreateObject(3475,-1342.09960938,456.59960938,14.00000000,0.00000000,0.00000000,0.00000000); //object(vgsn_fncelec_pst) (6)
    CreateObject(3475,-1342.09960938,456.59960938,19.00000000,0.00000000,0.00000000,0.00000000); //object(vgsn_fncelec_pst) (7)
    CreateObject(3475,-1345.50000000,456.39941406,14.00000000,0.00000000,0.00000000,1.99951172); //object(vgsn_fncelec_pst) (8)
    CreateObject(3475,-1342.09960938,456.59960938,24.00000000,0.00000000,0.00000000,0.00000000); //object(vgsn_fncelec_pst) (9)
    CreateObject(3475,-1345.50000000,456.39941406,19.00000000,0.00000000,0.00000000,1.99951172); //object(vgsn_fncelec_pst) (10)
    CreateObject(3475,-1342.09960938,456.59960938,26.00000000,0.00000000,0.00000000,0.00000000); //object(vgsn_fncelec_pst) (11)
    CreateObject(3475,-1345.50000000,456.39941406,24.00000000,0.00000000,0.00000000,1.99951172); //object(vgsn_fncelec_pst) (12)
//=================CERCASDP===============
//Cercas DP
    CreateObject(3475,1569.90002441,-1636.90002441,15.60000038,270.00000000,1.00000000,0.00000000); //object(vgsn_fncelec_pst) (1)
    CreateObject(3475,1569.90002441,-1636.90002441,21.60000038,270.00000000,1.00000000,0.00000000); //object(vgsn_fncelec_pst) (2)
    CreateObject(3475,1569.90002441,-1636.90002441,26.60000038,270.00000000,1.00000000,0.00000000); //object(vgsn_fncelec_pst) (3)
    CreateObject(3475,1572.80004883,-1636.90002441,15.60000038,270.00000000,0.00000000,0.00000000); //object(vgsn_fncelec_pst) (4)
    CreateObject(3475,1572.69995117,-1637.09997559,21.39999962,270.00000000,0.00000000,0.00000000); //object(vgsn_fncelec_pst) (5)
    CreateObject(3475,1572.69995117,-1637.09997559,26.50000000,270.00000000,0.00000000,0.00000000); //object(vgsn_fncelec_pst) (6)
//================ESCADASBASEFA=================
//Escada E Lampadas DA FA
//Escada E Lampadas DA FA
    CreateObject(2678,-1343.59997559,450.29998779,29.60000038,69.00000000,0.00000000,0.00000000); //object(cj_chris_crate_ld) (1)
    CreateObject(2678,-1364.00000000,439.00000000,29.50000000,60.00000000,0.00000000,90.00000000); //object(cj_chris_crate_ld) (2)
    CreateObject(2678,-1342.90002441,450.29998779,29.60000038,68.99963379,0.00000000,0.00000000); //object(cj_chris_crate_ld) (3)
    CreateObject(2678,-1344.29980469,450.29980469,29.60000038,68.99963379,0.00000000,0.00000000); //object(cj_chris_crate_ld) (4)
    CreateObject(2678,-1366.00000000,406.00000000,29.50000000,59.99633789,0.00000000,90.00000000); //object(cj_chris_crate_ld) (5)
    CreateObject(2678,-1364.00000000,438.29980469,29.50000000,59.99633789,0.00000000,90.00000000); //object(cj_chris_crate_ld) (7)
    CreateObject(2678,-1366.00000000,405.29998779,29.50000000,59.99633789,0.00000000,90.00000000); //object(cj_chris_crate_ld) (8)
    CreateObject(2678,-1366.19995117,374.50000000,29.60000038,59.99633789,0.00000000,90.00000000); //object(cj_chris_crate_ld) (9)
    CreateObject(2678,-1365.90002441,345.20001221,29.60000038,59.99633789,0.00000000,90.00000000); //object(cj_chris_crate_ld) (10)
    CreateObject(2678,-1366.19921875,373.79980469,29.60000038,59.99633789,0.00000000,90.00000000); //object(cj_chris_crate_ld) (11)
    CreateObject(2678,-1365.90002441,344.50000000,29.60000038,59.99633789,0.00000000,90.00000000); //object(cj_chris_crate_ld) (12)
    CreateObject(3385,-1342.30004883,445.79998779,30.29999924,0.00000000,0.00000000,0.00000000); //object(a51_light1_) (5)
    CreateObject(3385,-1342.30004883,428.10000610,30.29999924,0.00000000,0.00000000,0.00000000); //object(a51_light1_) (6)
    CreateObject(3385,-1362.40002441,445.79998779,30.29999924,0.00000000,0.00000000,0.00000000); //object(a51_light1_) (7)
    CreateObject(3385,-1362.40002441,428.29998779,30.29999924,0.00000000,0.00000000,0.00000000); //object(a51_light1_) (8)
    CreateObject(3385,-1344.59997559,381.50000000,30.29999924,0.00000000,0.00000000,0.00000000); //object(a51_light1_) (9)
    CreateObject(3385,-1364.69995117,381.39999390,30.29999924,0.00000000,0.00000000,0.00000000); //object(a51_light1_) (10)
    CreateObject(3385,-1344.59997559,364.10000610,30.29999924,0.00000000,0.00000000,0.00000000); //object(a51_light1_) (11)
    CreateObject(3385,-1364.50000000,364.10000610,30.29999924,0.00000000,0.00000000,0.00000000); //object(a51_light1_) (12)
    CreateObject(3385,-1344.40002441,353.89999390,30.29999924,0.00000000,0.00000000,0.00000000); //object(a51_light1_) (13)
    CreateObject(3385,-1364.30004883,353.89999390,30.29999924,0.00000000,0.00000000,0.00000000); //object(a51_light1_) (14)
    CreateObject(3385,-1364.50000000,336.50000000,30.29999924,0.00000000,0.00000000,0.00000000); //object(a51_light1_) (15)
    CreateObject(3385,-1344.19995117,336.39999390,30.29999924,0.00000000,0.00000000,0.00000000); //object(a51_light1_) (16)
    CreateObject(3385,-1344.50000000,411.39999390,30.29999924,0.00000000,0.00000000,0.00000000); //object(a51_light1_) (1)
    CreateObject(3385,-1344.50000000,393.79998779,30.29999924,0.00000000,0.00000000,0.00000000); //object(a51_light1_) (2)
    CreateObject(3385,-1364.59997559,393.79998779,30.29999924,0.00000000,0.00000000,0.00000000); //object(a51_light1_) (3)
    CreateObject(3385,-1364.59997559,411.39999390,30.29999924,0.00000000,0.00000000,0.00000000); //object(a51_light1_) (4)
    CreateObject(3115,-1352.19995117,437.00000000,30.00000000,0.00000000,0.00000000,0.00000000); //object(carrier_lift1_sfse) (1)
    CreateObject(3115,-1354.40002441,402.60000610,30.00000000,0.00000000,0.00000000,0.00000000); //object(carrier_lift1_sfse) (2)
    CreateObject(3115,-1354.50000000,372.79980469,30.00000000,0.00000000,0.00000000,0.00000000); //object(carrier_lift1_sfse) (3)
    CreateObject(3115,-1354.19995117,345.20001221,30.00000000,0.00000000,0.00000000,0.00000000); //object(carrier_lift1_sfse) (4)
    CreateObject(3934,-1352.40002441,437.70001221,30.29999924,0.00000000,0.00000000,0.00000000); //object(helipad01) (1)
    CreateObject(3934,-1354.50000000,402.50000000,30.29999924,0.00000000,0.00000000,0.00000000); //object(helipad01) (2)
    CreateObject(3934,-1354.90002441,373.29998779,30.29999924,0.00000000,0.00000000,0.00000000); //object(helipad01) (3)
    CreateObject(3934,-1354.00000000,345.60000610,30.29999924,0.00000000,0.00000000,0.00000000); //object(helipad01) (4)
    CreateObject(3279,-1542.69995117,477.50000000,6.19999981,0.00000000,0.00000000,0.00000000); //object(a51_spottower) (1)
//=================BOPE2===================
//Portao 2 E Heliportos Da bope.
    CreateObject(3115,-6.50000000,-372.39999390,5.30000019,0.00000000,0.00000000,0.00000000); //object(carrier_lift1_sfse) (5)
    CreateObject(3115,-37.20000076,-372.00000000,5.30000019,0.00000000,0.00000000,0.00000000); //object(carrier_lift1_sfse) (6)
    CreateObject(3934,-36.90000153,-372.60000610,5.59999990,0.00000000,0.00000000,0.00000000); //object(helipad01) (5)
    CreateObject(3934,-24.37500000,-371.74707031,4.24666739,0.00000000,0.00000000,0.00000000); //object(helipad01) (6)
    CreateObject(3934,-6.50000000,-372.29998779,5.59999990,0.00000000,0.00000000,0.00000000); //object(helipad01) (7)
    CreateObject(3115,-56.40000153,-317.50000000,5.30000019,0.00000000,0.00000000,0.00000000); //object(carrier_lift1_sfse) (7)
    CreateObject(3934,-56.59999847,-317.70001221,5.59999990,0.00000000,0.00000000,0.00000000); //object(helipad01) (8)
    CreateObject(3385,-66.59999847,-308.70001221,5.59999990,0.00000000,0.00000000,0.00000000); //object(a51_light1_) (17)
    CreateObject(3385,-46.50000000,-308.70001221,5.59999990,0.00000000,0.00000000,0.00000000); //object(a51_light1_) (18)
    CreateObject(3385,-66.40000153,-326.29998779,5.59999990,0.00000000,0.00000000,0.00000000); //object(a51_light1_) (19)
    CreateObject(3385,-46.50000000,-326.29998779,5.59999990,0.00000000,0.00000000,0.00000000); //object(a51_light1_) (20)
    CreateObject(3279,-71.19999695,-377.20001221,4.40000010,0.00000000,0.00000000,0.00000000); //object(a51_spottower) (2)
    CreateObject(1408,-75.59999847,-329.20001221,5.00000000,0.00000000,0.00000000,90.00000000); //object(dyn_f_wood_2) (1)
    CreateObject(706,12.60000038,-309.60000610,5.40000010,0.00000000,0.00000000,291.13220215); //object(sm_vegvbbig) (1)
    CreateObject(706,11.80000019,-278.70001221,5.40000010,0.00000000,0.00000000,291.13220215); //object(sm_vegvbbig) (2)
    CreateObject(706,12.89999962,-340.79998779,5.40000010,0.00000000,0.00000000,291.13220215); //object(sm_vegvbbig) (3)
    CreateObject(2921,-77.59999847,-361.10000610,7.30000019,0.00000000,0.00000000,0.00000000); //object(kmb_cam) (2)
    CreateObject(1337,-50.06542969,-416.02246094,8.92441940,0.00000000,0.00000000,0.00000000); //object(binnt07_la) (5)
    CreateObject(16093,-89.19999695,-334.79998779,4.69999981,0.00000000,0.00000000,0.00000000); //object(a51_gatecontrol) (1)
//=================AL_QAEDA================
    CreateObject(987,-623.90002441,-467.39999390,31.79999924,0.00000000,0.00000000,270.00000000); //object(elecfence_bar) (124)
    CreateObject(987,-623.90002441,-479.29998779,31.70000076,0.00000000,0.00000000,270.00000000); //object(elecfence_bar) (125)
    CreateObject(987,-623.90002441,-491.20001221,31.70000076,0.00000000,0.00000000,270.00000000); //object(elecfence_bar) (126)
    CreateObject(987,-623.90002441,-502.89999390,31.70000076,0.00000000,0.00000000,270.00000000); //object(elecfence_bar) (135)
    CreateObject(987,-624.00000000,-514.70001221,31.70000076,0.00000000,0.00000000,270.00000000); //object(elecfence_bar) (136)
    CreateObject(987,-624.00000000,-526.59997559,31.70000076,0.00000000,0.00000000,270.00000000); //object(elecfence_bar) (140)
    CreateObject(987,-624.00000000,-538.40002441,31.70000076,0.00000000,0.00000000,270.00000000); //object(elecfence_bar) (141)
    CreateObject(987,-624.09997559,-541.50000000,31.70000076,0.00000000,0.00000000,270.00000000); //object(elecfence_bar) (142)
    CreateObject(987,-624.09997559,-551.20001221,31.70000076,0.00000000,0.00000000,270.00000000); //object(elecfence_bar) (143)
    CreateObject(3115,-605.50000000,-541.29998779,37.40000153,0.00000000,0.00000000,0.00000000); //object(carrier_lift1_sfse) (8)
    CreateObject(3115,-585.50000000,-553.29998779,25.39999962,0.00000000,0.00000000,0.00000000); //object(carrier_lift1_sfse) (9)
    CreateObject(3934,-585.79998779,-553.29998779,25.70000076,0.00000000,0.00000000,0.00000000); //object(helipad01) (9)
    CreateObject(3934,-605.79998779,-541.20001221,37.70000076,0.00000000,0.00000000,0.00000000); //object(helipad01) (10)
    CreateObject(13749,-556.79998779,-502.00000000,27.10000038,0.00000000,0.00000000,140.00000000); //object(cunte_curvesteps1) (1)
    CreateObject(14410,-588.90002441,-534.00000000,34.50000000,0.00000000,0.00000000,90.00000000); //object(carter-stairs03) (1)
    CreateObject(997,-589.09997559,-532.09997559,36.29999924,0.00000000,29.00000000,0.00000000); //object(lhouse_barrier3) (3)
    CreateObject(997,-593.79998779,-535.79998779,37.70000076,0.00000000,0.00000000,0.00000000); //object(lhouse_barrier3) (4)
    CreateObject(997,-590.90002441,-532.09997559,37.29999924,0.00000000,28.99841309,0.00000000); //object(lhouse_barrier3) (5)
    CreateObject(997,-588.89941406,-535.79980469,36.09999847,0.00000000,30.99792480,0.00000000); //object(lhouse_barrier3) (6)
    CreateObject(997,-590.89941406,-535.79980469,37.29999924,0.00000000,30.99792480,0.00000000); //object(lhouse_barrier3) (7)
    CreateObject(997,-593.90002441,-532.00000000,37.70000076,0.00000000,0.00000000,0.00000000); //object(lhouse_barrier3) (8)
    CreateObject(997,-595.00000000,-532.00000000,37.70000076,0.00000000,0.00000000,0.00000000); //object(lhouse_barrier3) (9)
    CreateObject(997,-595.00000000,-535.79998779,37.70000076,0.00000000,0.00000000,0.00000000); //object(lhouse_barrier3) (10)
    CreateObject(1696,-572.59997559,-554.90002441,24.70000076,0.00000000,0.00000000,90.00000000); //object(roofstuff15) (1)
    CreateObject(987,-1622.40002441,261.10000610,6.19999981,0.00000000,0.00000000,354.70001221); //object(elecfence_bar) (24)
    CreateObject(987,-1616.29980469,261.19921875,6.19999981,0.00000000,0.00000000,179.99450684); //object(elecfence_bar) (24)
//===================HQYKZSF==================
CreateObject(3749,-1990.31115723,288.17034912,38.98067474,0.00000000,2.00000000,266.00000000); //object(clubgate01_lax) (1)
	CreateObject(987,-1991.33251953,298.21777344,33.96875000,0.00000000,358.00000000,90.00000000); //object(elecfence_bar) (1)
	CreateObject(987,-1991.14404297,310.27404785,34.46875000,0.00000000,359.99499512,0.00000000); //object(elecfence_bar) (2)
	CreateObject(990,-1975.51989746,309.89480591,40.00388336,0.00000000,0.00000000,0.00000000); //object(bar_barrier12) (1)
	CreateObject(990,-1972.12646484,309.98291016,40.00388336,0.00000000,0.00000000,0.00000000); //object(bar_barrier12) (2)
	CreateObject(987,-1993.30566406,268.22921753,33.92187500,0.00000000,0.00000000,86.00000000); //object(elecfence_bar) (3)
	CreateObject(987,-1994.00573730,256.38015747,33.96875000,0.00000000,0.00000000,85.99548340); //object(elecfence_bar) (4)
	CreateObject(987,-1995.76049805,245.06407166,33.74187469,0.00000000,0.00000000,81.99548340); //object(elecfence_bar) (5)
	CreateObject(987,-1996.55505371,238.63792419,33.71875000,0.00000000,0.00000000,81.99096680); //object(elecfence_bar) (6)
	CreateObject(987,-1984.61511230,238.82719421,33.86482620,0.00000000,0.00000000,179.99993896); //object(elecfence_bar) (7)
	CreateObject(987,-1980.71655273,238.86007690,33.71875000,0.00000000,0.00000000,179.99450684); //object(elecfence_bar) (8)
	CreateObject(990,-1919.87585449,309.99880981,45.58221436,0.00000000,0.00000000,0.00000000); //object(bar_barrier12) (3)
	CreateObject(990,-1913.90588379,309.96380615,45.58221436,0.00000000,0.00000000,0.00000000); //object(bar_barrier12) (4)
	CreateObject(990,-1909.28613281,305.48681641,45.33200836,0.00000000,0.00000000,270.00000000); //object(bar_barrier12) (5)
	CreateObject(990,-1909.20214844,298.94592285,45.33221436,0.00000000,0.00000000,269.99450684); //object(bar_barrier12) (6)
	CreateObject(987,-1914.38562012,262.95858765,40.04687500,0.00000000,0.00000000,269.99450684); //object(elecfence_bar) (12)
	CreateObject(3749,-1911.76330566,271.68258667,45.65528870,0.00000000,2.00000000,268.00000000); //object(clubgate01_lax) (2)
	CreateObject(990,-1914.44702148,246.95437622,44.58221436,0.00000000,0.00000000,269.99996948); //object(bar_barrier12) (7)
	CreateObject(990,-1914.49926758,243.60479736,44.58221436,0.00000000,0.00000000,269.99450684); //object(bar_barrier12) (8)
	CreateObject(3526,-1992.36621094,293.94433594,33.53638077,0.00000000,0.00000000,0.00000000); //object(vegasairportlight) (1)
	CreateObject(3526,-1992.88842773,283.13513184,32.79924011,0.00000000,0.00000000,0.00000000); //object(vegasairportlight) (2)
	CreateObject(991,-1985.21948242,294.15213013,35.13847351,0.00000000,0.00000000,0.00000000); //object(bar_barriergate1) (1)
	CreateObject(991,-1985.24780273,282.62896729,34.93537903,0.00000000,0.00000000,0.00000000); //object(bar_barriergate1) (2)
	CreateObject(1237,-1981.15307617,282.71121216,34.12499237,0.00000000,0.00000000,0.00000000); //object(strtbarrier01) (1)
	CreateObject(1237,-1981.02026367,294.13568115,34.16289520,0.00000000,0.00000000,0.00000000); //object(strtbarrier01) (2)
	CreateObject(2920,-1981.10900879,282.75439453,35.38512421,0.00000000,0.00000000,0.00000000); //object(police_barrier) (1)
	CreateObject(2920,-1981.02197266,294.15145874,35.42692566,0.00000000,0.00000000,0.00000000); //object(police_barrier) (2)
	CreateObject(3279,-1984.96398926,304.24450684,34.17187500,0.00000000,0.00000000,0.00000000); //object(a51_spottower) (1)
	CreateObject(3279,-1916.90673828,248.73684692,42.86687469,0.00000000,0.00000000,270.00000000); //object(a51_spottower) (2)
	CreateObject(2633,-1920.09033203,244.11433411,41.55152512,0.00000000,0.00000000,90.00000000); //object(crack_walkway1) (1)
	CreateObject(3399,-1925.72924805,240.85974121,40.81311798,0.00000000,0.00000000,0.00000000); //object(cxrf_a51_stairs) (1)
	CreateObject(8613,-1920.31298828,304.39508057,43.66829681,0.00000000,0.00000000,90.00000000); //object(vgssstairs03_lvs) (1)
	CreateObject(9833,-1912.76550293,306.20004272,42.92942047,0.00000000,0.00000000,0.00000000); //object(fountain_sfw) (1)
	CreateObject(3524,-1992.73571777,295.93414307,36.48981857,0.00000000,0.00000000,269.99996948); //object(skullpillar01_lvs) (1)
	CreateObject(3524,-1993.66906738,280.82186890,35.46067429,0.00000000,0.00000000,269.99450684); //object(skullpillar01_lvs) (2)
	CreateObject(2780,-1900.90942383,291.66671753,40.28634262,0.00000000,0.00000000,0.00000000); //object(cj_smoke_mach) (1)
	CreateObject(930,-1916.94238281,245.75552368,43.52295685,0.00000000,0.00000000,0.00000000); //object(o2_bottles) (1)
    CreateObject(942,-1911.01049805,284.52569580,42.49010086,0.00000000,0.00000000,268.00000000); //object(cj_df_unit_2) (1)
    CreateObject(3526,-1909.42309570,265.79986572,40.11529160,0.00000000,0.00000000,179.99993896); //object(vegasairportlight) (1)
    CreateObject(3526,-1909.33605957,277.37322998,40.11529160,0.00000000,0.00000000,179.99450684); //object(vegasairportlight) (1)
    CreateObject(1358,-1994.78149414,316.42825317,35.37541962,0.00000000,0.00000000,269.99996948); //object(cj_skip_rubbish) (1)
	CreateObject(1692,-1953.56604004,279.95819092,47.53066635,0.00000000,0.00000000,0.00000000); //object(roofstuff18) (1)
	CreateObject(14782,-1948.74438477,253.52160645,41.06312943,0.00000000,0.00000000,178.00000000); //object(int3int_boxing30) (1)
	CreateObject(2714,-1967.38134766,293.83489990,39.01674271,0.00000000,0.00000000,270.00000000); //object(cj_open_sign_2) (1)
	CreateObject(16370,-1953.47961426,268.03463745,48.58632660,0.00000000,0.00000000,0.00000000); //object(by_fuelfence) (1)
//=================BLITZ=================
CreateObject(1425, 1346.6999511719, -1476.0999755859, 12.800000190735, 0, 0, 344);
CreateObject(1422, 1346.4000244141, -1473.6999511719, 12.800000190735, 0, 0, 0);
CreateObject(1422, 1347.9000244141, -1473.8000488281, 12.800000190735, 0, 0, 0);
CreateObject(2899, 1346.8000488281, -1472.3000488281, 12.5, 0, 0, 92);
CreateObject(2985, 1346.6999511719, -1473.0999755859, 12.39999961853, 0, 0, 280);
CreateObject(979, 1357.5, -1460.6999511719, 13.199999809265, 0, 0, 76);
CreateObject(1434, 1355.6999511719, -1465.8000488281, 12.39999961853, 0, 0, 42);
CreateObject(1435, 1358, -1455.5999755859, 12.5, 0, 0, 308);
CreateObject(1435, 1351.5, -1447.5, 12.39999961853, 0, 0, 0);
CreateObject(1435, 1353, -1447.5999755859, 12.39999961853, 0, 0, 0);
CreateObject(1435, 1354.5, -1447.6999511719, 12.39999961853, 0, 0, 0);
CreateObject(1435, 1360.0999755859, -1440.0999755859, 12.39999961853, 0, 0, 0);
CreateObject(1435, 1358.5, -1440.1999511719, 12.39999961853, 0, 0, 0);
CreateObject(1435, 1357.0999755859, -1440.1999511719, 12.39999961853, 0, 0, 0);
CreateObject(3749, 1542.6999511719, -1627.8000488281, 18.200000762939, 0, 0, 88);
