   // mycasa
    CreateObject(3607, 276, -1791.8994140625, 9.3000001907349, 0, 0, 358.99499511719);
    CreateObject(987, 298.10000610352, -1789.0999755859, 3.2000000476837, 0, 0, 88.5);
    CreateObject(987, 298.39999389648, -1777.1999511719, 3.2000000476837, 0, 0, 177.99768066406);
    CreateObject(987, 286.39999389648, -1776.8000488281, 3.2000000476837, 0, 0, 178.24499511719);
    CreateObject(987, 274.39999389648, -1776.4000244141, 3.2000000476837, 0, 0, 178.2421875);
    CreateObject(987, 262.39999389648, -1776, 3.2000000476837, 0, 0, 178.23669433594);
    CreateObject(987, 250.39999389648, -1775.5999755859, 3.2000000476837, 0, 0, 179.23669433594);
    CreateObject(987, 238.60000610352, -1775.4000244141, 3.2000000476837, 0, 0, 269.23645019531);
    CreateObject(987, 238.39999389648, -1787.4000244141, 3.2000000476837, 0, 0, 269.73645019531);
    CreateObject(987, 238.30000305176, -1799.3000488281, 3.2000000476837, 0, 0, 269.986328125);
    CreateObject(987, 238.19999694824, -1811.1999511719, 3.0999999046326, 0, 0, 359.73352050781);
    CreateObject(987, 250.19999694824, -1811.3000488281, 3.0999999046326, 0, 0, 359.73083496094);
    CreateObject(987, 262.20001220703, -1811.5, 3, 0, 0, 270.23083496094);
    CreateObject(987, 297.79998779297, -1801.0999755859, 3.2000000476837, 0, 0, 88.494873046875);
    CreateObject(987, 297.5, -1813.0999755859, 3.2000000476837, 0, 0, 88.494873046875);
    CreateObject(987, 285.60000610352, -1812.9000244141, 3.2000000476837, 0, 0, 359.24487304688);
    CreateObject(987, 285.20001220703, -1824.9000244141, 3, 0, 0, 88.491943359375);
    CreateObject(14467, 271.89999389648, -1805.5999755859, 5.4000000953674, 0, 0, 0);
    CreateObject(14467, 277.5, -1806.0999755859, 5.4000000953674, 0, 0, 0);
    CreateObject(3749, 273.3994140625, -1824, 8.6999998092651, 0, 0, 358.99475097656);
    CreateObject(997, 262, -1823.4000244141, 3, 0, 0, 5.25);
    CreateObject(997, 262, -1823.4000244141, 4.0999999046326, 0, 0, 5.2459716796875);
    CreateObject(997, 262, -1823.4000244141, 5.1999998092651, 0, 0, 5.2459716796875);
    CreateObject(997, 262, -1823.4000244141, 6.3000001907349, 0, 0, 5.2459716796875);
    CreateObject(997, 262, -1823.4000244141, 7.4000000953674, 0, 0, 5.2459716796875);
    CreateObject(997, 281.60000610352, -1825, 2.9000000953674, 0, 0, 0);
    CreateObject(997, 281.60000610352, -1825, 3.9000000953674, 0, 0, 0);
    CreateObject(997, 281.60000610352, -1825, 4.9000000953674, 0, 0, 0);
    CreateObject(997, 281.60000610352, -1825, 5.9000000953674, 0, 0, 0);
    CreateObject(997, 281.60000610352, -1825, 6.9000000953674, 0, 0, 0);
    CreateObject(14467, 284.79998779297, -1825.9000244141, 5, 0, 0, 0);
    CreateObject(14467, 262.5, -1824.5, 4.9000000953674, 0, 0, 0);
    CreateObject(3524, 265.60000610352, -1827, 5.8000001907349, 0, 0, 0);
    CreateObject(3524, 281.19921875, -1827.2998046875, 5.8000001907349, 0, 0, 0);
    CreateObject(3528, 268.20001220703, -1827, 14, 0, 0, 266.75);
    CreateObject(3528, 278.10000610352, -1827.9000244141, 14, 0, 0, 266.748046875);
    CreateObject(2985, 280.10000610352, -1826.4000244141, 2.7999999523163, 0, 0, 270.24719238281);
    CreateObject(2921, 279, -1826.5, 8.5, 0, 0, 90);
    CreateObject(2404, 278, -1804.9000244141, 4.5999999046326, 0, 0, 0);
    CreateObject(3939, 241.80000305176, -1807.5999755859, 4.9000000953674, 0, 0, 359.24743652344);
    CreateObject(3939, 241.89999389648, -1801.5, 4.9000000953674, 0, 0, 359.24194335938);
    CreateObject(3939, 241.89999389648, -1795.4000244141, 4.9000000953674, 0, 0, 359.24194335938);
    CreateObject(2985, 266.70001220703, -1826.1999511719, 2.7000000476837, 0, 0, 270.24719238281);
    CreateObject(3524, 274.70001220703, -1804.3000488281, 10.60000038147, 0, 0, 0);
	// casa do detran
    CreateObject(9949, 952.79998779297, 1442.6999511719, 21.799999237061, 0, 0, 180);
    CreateObject(616, 932.09997558594, 1345.3000488281, 9.1000003814697, 0, 0, 0);
    CreateObject(616, 948.79998779297, 1335.3000488281, 9.1000003814697, 0, 0, 0);
    CreateObject(616, 944.5, 1330.5999755859, 9.1000003814697, 0, 0, 0);
    CreateObject(616, 939.59997558594, 1327.9000244141, 9.1000003814697, 0, 0, 0);
    CreateObject(616, 933.5, 1329.5999755859, 9.1000003814697, 0, 0, 0);
    CreateObject(616, 937.79998779297, 1343.8000488281, 9.1000003814697, 0, 0, 0);
    CreateObject(616, 950.29998779297, 1322.4000244141, 9.1000003814697, 0, 0, 0);
    CreateObject(616, 950.2998046875, 1322.3994140625, 9.1000003814697, 0, 0, 0);
    CreateObject(7371, 916.5, 1438.1999511719, 12.10000038147, 0, 0, 184);
    CreateObject(7368, 932.59997558594, 1335.5, 11.699999809265, 0, 0, 92);
    CreateObject(7368, 932.59997558594, 1335.5, 16.700000762939, 0, 0, 91.99951171875);
    CreateObject(7368, 932.59997558594, 1335.5, 21.5, 0, 0, 91.99951171875);
    CreateObject(7368, 932.59997558594, 1335.5, 24.799999237061, 0, 0, 91.99951171875);
    CreateObject(3749, 990.5, 1387.5999755859, 15.699999809265, 0, 0, 270);
    CreateObject(7368, 951.29998779297, 1499.1999511719, 16.700000762939, 0, 0, 181.99951171875);
    CreateObject(7368, 951.29998779297, 1499.1999511719, 12, 0, 0, 181.99951171875);
    CreateObject(7368, 951.29998779297, 1499.1999511719, 21, 0, 0, 181.99951171875);
    CreateObject(7368, 951.29998779297, 1499.1999511719, 25, 0, 0, 181.99951171875);
    CreateObject(7371, 990.40002441406, 1407.6999511719, 16.799999237061, 0, 0, 181.99951171875);
    CreateObject(7371, 990.40002441406, 1407.6999511719, 12, 0, 0, 181.99951171875);
    CreateObject(7371, 990.40002441406, 1407.6999511719, 8.5, 0, 0, 181.99951171875);
    CreateObject(7371, 990.40002441406, 1407.6999511719, 21.799999237061, 0, 0, 181.99951171875);
    CreateObject(7371, 990.29998779297, 1389.6999511719, 21.799999237061, 0, 0, 182);
    CreateObject(7371, 990.29998779297, 1389.6999511719, 19.299999237061, 0, 0, 181.99951171875);
    CreateObject(7371, 916.5, 1438.1999511719, 16.60000038147, 0, 0, 183.9990234375);
    CreateObject(7371, 916.5, 1438.1999511719, 21.39999961853, 0, 0, 183.9990234375);
    CreateObject(7371, 916.5, 1438.1999511719, 9.3999996185303, 0, 0, 183.9990234375);
    CreateObject(7371, 921.20001220703, 1311.1999511719, 12, 0, 0, 181.99951171875);
    CreateObject(7371, 921.20001220703, 1311.1999511719, 15.10000038147, 0, 0, 181.99951171875);
    CreateObject(7371, 921.20001220703, 1311.1999511719, 18.60000038147, 0, 0, 181.99951171875);
    CreateObject(7371, 921.20001220703, 1311.1999511719, 21.39999961853, 0, 0, 181.99951171875);
    CreateObject(7371, 921.20001220703, 1311.1999511719, 8.8000001907349, 0, 0, 181.99951171875);
    CreateObject(9241, 973.20001220703, 1336.8000488281, 11.39999961853, 0, 0, 2);
    CreateObject(8355, 999.59997558594, 1367.3000488281, 9.8000001907349, 0, 0, 0);
    CreateObject(8355, 998.09997558594, 1505.5, 9.8000001907349, 0, 0, 0);
    CreateObject(8355, 999.5, 1239.4000244141, 9.8000001907349, 0, 0, 0);
    CreateObject(10830, 940.5, 1522.1999511719, 14.89999961853, 0, 0, 314);
    CreateObject(7371, 916.5, 1438.1999511719, 6.5999999046326, 0, 0, 183.9990234375);
    CreateObject(5184, 894.79998779297, 1431.1999511719, 28.799999237061, 0, 0, 0);
    CreateObject(5184, 900, 1499.9000244141, 28.799999237061, 0, 0, 0);
    CreateObject(2921, 992.90002441406, 1393.5999755859, 16.5, 0, 0, 164);
    CreateObject(2921, 992.90002441406, 1380.9000244141, 16.299999237061, 0, 0, 238);
    CreateObject(1692, 950.29998779297, 1472, 28.700000762939, 0, 0, 90);
    CreateObject(1692, 950.20001220703, 1397.5999755859, 28.700000762939, 0, 0, 90);
    CreateObject(1692, 950.5, 1435, 28.700000762939, 0, 0, 90);
    CreateObject(1505, 966.70001220703, 1434.5999755859, 9.8000001907349, 0, 0, 88);
	// bi
	CreateObject(987, 1101.3000488281, -1735.1999511719, 12.60000038147, 0, 0, 180);
    CreateObject(987, 1089.5999755859, -1735.1999511719, 12.60000038147, 0, 0, 179.99450683594);
    CreateObject(987, 1077.5, -1735.0999755859, 12.60000038147, 0, 0, 179.99450683594);
    CreateObject(987, 1070.3000488281, -1735.1999511719, 12.60000038147, 0, 0, 179.99450683594);
    CreateObject(987, 1058.5999755859, -1735, 12.60000038147, 0, 0, 269.99450683594);
    CreateObject(987, 1058.5999755859, -1747, 12.60000038147, 0, 0, 269.98901367188);
    CreateObject(987, 1058.8000488281, -1758.5999755859, 12.60000038147, 0, 0, 269.98901367188);
    CreateObject(987, 1058.8000488281, -1765.6999511719, 12.60000038147, 0, 0, 269.98901367188);
    CreateObject(987, 1058.5999755859, -1777.5, 12.60000038147, 0, 0, 0.239013671875);
    CreateObject(987, 1070.5999755859, -1777.5, 12.60000038147, 0, 0, 0.2362060546875);
    CreateObject(987, 1082.5, -1777.5, 12.60000038147, 0, 0, 0.2362060546875);
    CreateObject(987, 1090.3000488281, -1777.4000244141, 12.60000038147, 0, 0, 0.2362060546875);
    CreateObject(987, 1102.4000244141, -1777.5, 12.60000038147, 0, 0, 90.236206054688);
    CreateObject(987, 1102.4000244141, -1765.5999755859, 12.60000038147, 0, 0, 90.230712890625);
    CreateObject(987, 1102.3000488281, -1760.5999755859, 12.60000038147, 0, 0, 90.230712890625);
    CreateObject(3749, 1101.1999511719, -1741.6999511719, 17.89999961853, 0, 0, 272);
    CreateObject(4100, 1117.0999755859, -1740.8000488281, 14.10000038147, 0, 0, 320);
    CreateObject(4100, 1130.8000488281, -1740.8000488281, 14.10000038147, 0, 0, 319.99877929688);
    CreateObject(4100, 1144.5, -1740.8000488281, 14.10000038147, 0, 0, 319.99877929688);
    CreateObject(4100, 1158.1999511719, -1740.8000488281, 14.10000038147, 0, 0, 319.99877929688);
	// casapertodoskate
    CreateObject(3475, 2081.8999023438, -1267.5999755859, 26.89999961853, 0, 0, 0);
    CreateObject(3475, 2081.8999023438, -1272.3000488281, 28.200000762939, 0, 0, 0);
    CreateObject(3475, 2081.8999023438, -1278.0999755859, 28.200000762939, 0, 0, 0);
    CreateObject(3475, 2081.8999023438, -1283.5999755859, 28.200000762939, 0, 0, 0);
    CreateObject(3475, 2081.8999023438, -1287.0999755859, 28.200000762939, 0, 0, 0);
    CreateObject(3475, 2084.8999023438, -1290.5, 28.200000762939, 0, 0, 92);
    CreateObject(3475, 2089.8999023438, -1290.4000244141, 28.200000762939, 0, 0, 90);
    CreateObject(3475, 2084.3999023438, -1264.4000244141, 26.89999961853, 0, 0, 90);
    CreateObject(3475, 2089.6000976563, -1264.0999755859, 25.39999961853, 0, 0, 92);
    CreateObject(3475, 2094.8000488281, -1264.0999755859, 26.89999961853, 0, 0, 90);
    CreateObject(3475, 2100.1999511719, -1264.0999755859, 26.89999961853, 0, 0, 90);
    CreateObject(3475, 2105.8999023438, -1264.0999755859, 26.89999961853, 0, 0, 90);
    CreateObject(3475, 2111.1999511719, -1264.0999755859, 26.89999961853, 0, 0, 90);
    CreateObject(3475, 2116.8000488281, -1264.0999755859, 26.89999961853, 0, 0, 90);
    CreateObject(3475, 2119.5, -1264.0999755859, 26.89999961853, 0, 0, 92);
    CreateObject(3475, 2120.3000488281, -1267.4000244141, 28.200000762939, 0, 0, 0);
    CreateObject(3475, 2120.3000488281, -1273.0999755859, 28.200000762939, 0, 0, 0);
    CreateObject(3475, 2120.3000488281, -1278.8000488281, 28.200000762939, 0, 0, 0);
    CreateObject(3475, 2120.1999511719, -1284.5999755859, 28.200000762939, 0, 0, 0);
    CreateObject(3475, 2120.1000976563, -1287.8000488281, 28.200000762939, 0, 0, 0);
    CreateObject(3475, 2117.5, -1290.5999755859, 28.200000762939, 0, 0, 272);
    CreateObject(3475, 2112.3000488281, -1290.6999511719, 28.200000762939, 0, 0, 270);
    CreateObject(3475, 2108.8000488281, -1290.8000488281, 28.200000762939, 0, 0, 272);
    CreateObject(3749, 2099.6999511719, -1288.9000244141, 29.10000038147, 0, 0, 0);
	//ameliorcasa
    CreateObject(987, 1505.1999511719, 663.20001220703, 11.89999961853, 0, 0, 0);
    CreateObject(987, 1493.1999511719, 663.20001220703, 11.800000190735, 0, 0, 0);
    CreateObject(987, 1481.1999511719, 663.20001220703, 11.89999961853, 0, 0, 0);
    CreateObject(987, 1469.3000488281, 663.20001220703, 11.89999961853, 0, 0, 0);
    CreateObject(987, 1457.5999755859, 663.29998779297, 11.89999961853, 0, 0, 0);
    CreateObject(987, 1537.6999511719, 663.20001220703, 11.800000190735, 0, 0, 0);
    CreateObject(987, 1545.5, 663.29998779297, 11.89999961853, 0, 0, 0);
    CreateObject(987, 1425.5, 663.40002441406, 11.89999961853, 0, 0, 0);
    CreateObject(987, 1413.4000244141, 663.20001220703, 11.89999961853, 0, 0, 0);
    CreateObject(987, 1401.4000244141, 663.20001220703, 11.89999961853, 0, 0, 0);
    CreateObject(987, 1397.8000488281, 663.20001220703, 11.89999961853, 0, 0, 0);
    CreateObject(3749, 1447.4000244141, 664.59997558594, 15.5, 0, 0, 0);
    CreateObject(3749, 1527.4000244141, 664.40002441406, 15.5, 0, 0, 0);
    CreateObject(987, 1397.6999511719, 675.20001220703, 11.89999961853, 0, 0, 270);
    CreateObject(987, 1397.5, 686.79998779297, 11.89999961853, 0, 0, 270);
    CreateObject(987, 1397.5, 698.79998779297, 11.89999961853, 0, 0, 270);
    CreateObject(987, 1397.5999755859, 710.59997558594, 11.89999961853, 0, 0, 270);
    CreateObject(987, 1397.4000244141, 722.09997558594, 11.800000190735, 0, 0, 272);
    CreateObject(987, 1397.4000244141, 733.70001220703, 11.89999961853, 0, 0, 270);
    CreateObject(987, 1397.4000244141, 745.5, 11.800000190735, 0, 0, 270);
    CreateObject(987, 1397.5999755859, 757.5, 11.89999961853, 0, 0, 268);
    CreateObject(987, 1397.4000244141, 769.29998779297, 11.800000190735, 0, 0, 272);
    CreateObject(987, 1397.4000244141, 781, 11.89999961853, 0, 0, 270);
    CreateObject(987, 1397.5, 790, 11.89999961853, 0, 0, 270);
    CreateObject(987, 1397.5999755859, 797.5, 11.89999961853, 0, 0, 270);
    CreateObject(987, 1397.8000488281, 797.70001220703, 11.89999961853, 0, 0, 0);
    CreateObject(987, 1409.5999755859, 797.70001220703, 11.89999961853, 0, 0, 0);
    CreateObject(987, 1421.1999511719, 797.79998779297, 11.89999961853, 0, 0, 0);
    CreateObject(987, 1433.0999755859, 797.79998779297, 11.89999961853, 0, 0, 0);
    CreateObject(987, 1444.9000244141, 797.79998779297, 11.89999961853, 0, 0, 0);
    CreateObject(987, 1456.5, 797.79998779297, 11.89999961853, 0, 0, 0);
    CreateObject(987, 1468.1999511719, 797.79998779297, 11.89999961853, 0, 0, 0);
    CreateObject(987, 1480, 797.79998779297, 11.89999961853, 0, 0, 0);
    CreateObject(987, 1491.8000488281, 797.70001220703, 11.89999961853, 0, 0, 0);
    CreateObject(987, 1503.5, 797.79998779297, 11.89999961853, 0, 0, 0);
    CreateObject(987, 1515.4000244141, 797.70001220703, 11.89999961853, 0, 0, 0);
    CreateObject(987, 1527.4000244141, 797.70001220703, 11.89999961853, 0, 0, 0);
    CreateObject(987, 1545.1999511719, 797.59997558594, 11.89999961853, 0, 0, 0);
    CreateObject(987, 1537.1999511719, 797.59997558594, 11.89999961853, 0, 0, 0);
    CreateObject(987, 1557, 797.59997558594, 11.89999961853, 0, 0, 272);
    CreateObject(987, 1557.3000488281, 774.59997558594, 11.89999961853, 0, 0, 90);
    CreateObject(987, 1557.4000244141, 763, 11.5, 0, 0, 92);
    CreateObject(987, 1557.3000488281, 752, 11.89999961853, 0, 0, 90);
    CreateObject(987, 1557.4000244141, 740.09997558594, 11.5, 0, 0, 92);
    CreateObject(987, 1557.4000244141, 728.40002441406, 11.89999961853, 0, 0, 90);
    CreateObject(987, 1557.4000244141, 716.90002441406, 11.89999961853, 0, 0, 90);
    CreateObject(987, 1557.1999511719, 706, 11.89999961853, 0, 0, 90);
    CreateObject(987, 1557.1999511719, 694, 11.89999961853, 0, 0, 90);
    CreateObject(987, 1557.4000244141, 682, 11.89999961853, 0, 0, 90);
    CreateObject(987, 1557.1999511719, 670.5, 11.89999961853, 0, 0, 90);
    CreateObject(987, 1557.1999511719, 663.5, 11.89999961853, 0, 0, 90);
    CreateObject(14537, 1414.8000488281, 780.90002441406, 11.800000190735, 0, 0, 0);
    CreateObject(14537, 1429.8000488281, 780.79998779297, 11.800000190735, 0, 0, 0);
    CreateObject(14537, 1422.5999755859, 758.79998779297, 11.800000190735, 0, 0, 0);
    CreateObject(14781, 1428.8000488281, 745.29998779297, 10.89999961853, 0, 0, 0);
    CreateObject(14449, 1442, 744.90002441406, 11.10000038147, 0, 0, 0);
    CreateObject(2745, 1430.6999511719, 768.79998779297, 11, 0, 0, 0);
    CreateObject(643, 1432.1999511719, 759.29998779297, 10.300000190735, 0, 0, 0);
    CreateObject(643, 1438.5999755859, 772.59997558594, 10.300000190735, 0, 0, 0);
    CreateObject(643, 1424.1999511719, 771.20001220703, 10.300000190735, 0, 0, 0);
    CreateObject(643, 1414.6999511719, 769.40002441406, 10.300000190735, 0, 0, 0);
    CreateObject(643, 1421.0999755859, 749.70001220703, 10.300000190735, 0, 0, 0);
    CreateObject(643, 1433.5, 751.70001220703, 10.300000190735, 0, 0, 0);
    CreateObject(1716, 1429, 756.40002441406, 9.8000001907349, 0, 0, 0);
    CreateObject(1716, 1425.8000488281, 753.20001220703, 9.8000001907349, 0, 0, 0);
    CreateObject(1896, 1437.0999755859, 760.90002441406, 10.800000190735, 0, 0, 0);
    CreateObject(1896, 1440, 760.79998779297, 10.800000190735, 0, 0, 0);
    CreateObject(1896, 1443, 760.59997558594, 10.800000190735, 0, 0, 0);
    CreateObject(643, 1434, 791.20001220703, 10.300000190735, 0, 0, 0);
    CreateObject(643, 1413.9000244141, 752.90002441406, 10.300000190735, 0, 0, 0);
	//casadopiramidiaerols
    CreateObject(1634, 1937.3000488281, -2408.3999023438, 13, 0, 0, 0);
    CreateObject(1634, 1933.3000488281, -2354.6999511719, 13.60000038147, 0, 0, 186);
    CreateObject(1634, 1923.9000244141, -2355.6999511719, 13.60000038147, 0, 0, 188);
    CreateObject(1634, 1929.0999755859, -2407.3000488281, 13.60000038147, 0, 0, 0);
    CreateObject(1634, 1883.9000244141, -2515.8000488281, 13.60000038147, 0, 0, 180);
    CreateObject(1634, 1833.6999511719, -2495, 13.60000038147, 0, 0, 272);
    CreateObject(1634, 1919, -2494.8000488281, 13.800000190735, 0, 0, 88);
    CreateObject(13594, 1899, -2494.6000976563, 25, 0, 0, 266);
    CreateObject(3877, 1898.5999755859, -2494.6999511719, 14.199999809265, 0, 0, 0);
    CreateObject(3877, 1898.6999511719, -2494.6999511719, 17.5, 0, 0, 0);
    CreateObject(3877, 1898.8000488281, -2494.6999511719, 20.799999237061, 0, 0, 0);
    CreateObject(1075, 1916.4000244141, -2491, 13, 0, 0, 78);
    CreateObject(1075, 1916, -2498.3000488281, 13, 0, 0, 276);
    CreateObject(7040, 1933.0999755859, -2393.1999511719, 16, 0, 0, 270);
    CreateObject(7040, 1932.5, -2373.3999023438, 16, 0, 0, 0);
    CreateObject(13641, 1864.5999755859, -2444.8000488281, 13.60000038147, 0, 0, 0);
    CreateObject(13592, 1844.6999511719, -2592.8999023438, 22.60000038147, 0, 0, 4);
    CreateObject(13592, 1844.5, -2600.5, 22.60000038147, 0, 0, 4);
    CreateObject(13592, 1673.4000244141, -2480.3000488281, 22.60000038147, 0, 0, 0);
    CreateObject(987, 2178.1999511719, 1269.6999511719, 9.8000001907349, 0, 0, 0);
    CreateObject(987, 2185.6000976563, 1269.5, 9.6999998092651, 0, 0, 0);
    CreateObject(987, 2176.6000976563, 1296.1999511719, 9.8999996185303, 0, 0, 0);
    CreateObject(987, 2186.8000488281, 1296.1999511719, 9.6999998092651, 0, 0, 0);
    CreateObject(987, 2217.8999023438, 1274.6999511719, 9.8000001907349, 0, 0, 0);
    CreateObject(987, 2229.5, 1274.6999511719, 9.6999998092651, 0, 0, 0);
    CreateObject(987, 2217.3999023438, 1296.5999755859, 9.8999996185303, 0, 0, 0);
    CreateObject(3743, 1102.9000244141, 1366.3000488281, 13.699999809265, 0, 0, 300);
    CreateObject(3743, 1091.6999511719, 1360.0999755859, 13.699999809265, 0, 0, 118);
	//bat-bat
    CreateObject(13657, 2709.1000976563, -1800.6999511719, 50, 0, 0, 0);
    CreateObject(13666, 2712.8994140625, -1767.599609375, 52, 0, 0, 0);
    CreateObject(13666, 2716.5, -1768.099609375, 52, 0, 0, 0);
    CreateObject(13666, 2720.2998046875, -1768.69921875, 52, 0, 0, 0);
    CreateObject(13666, 2724, -1769.19921875, 52, 0, 0, 0);
    CreateObject(13604, 2770.8000488281, -1806.0999755859, 48.5, 0, 0, 0);
    CreateObject(13604, 2709, -1804.6999511719, 48.700000762939, 0, 0, 0);
    CreateObject(3475, 2818, -1736.0999755859, 49.099998474121, 0, 0, 270);
    CreateObject(3475, 2812.1000976563, -1736.0999755859, 49.099998474121, 0, 0, 270);
    CreateObject(3475, 2817.6000976563, -1742.3000488281, 49.099998474121, 0, 0, 270);
    CreateObject(3475, 2811.8999023438, -1742.3000488281, 49.099998474121, 0, 0, 270);
    CreateObject(3475, 2817.8000488281, -1747.1999511719, 49.099998474121, 0, 0, 270);
    CreateObject(3475, 2812, -1747.1999511719, 49.099998474121, 0, 0, 270);
    CreateObject(3475, 2818, -1752.6999511719, 49.099998474121, 0, 0, 270);
    CreateObject(3475, 2812.5, -1752.6999511719, 49.099998474121, 0, 0, 270);
    CreateObject(3475, 2817.8999023438, -1757.8000488281, 49.099998474121, 0, 0, 270);
    CreateObject(3475, 2812.5, -1757.8000488281, 49.099998474121, 0, 0, 270);
    CreateObject(3475, 2818, -1764.0999755859, 49.099998474121, 0, 0, 270);
    CreateObject(3475, 2812.5, -1764.1999511719, 49.099998474121, 0, 0, 270);
    CreateObject(3475, 2818.1999511719, -1769.5, 49.099998474121, 0, 0, 270);
    CreateObject(3475, 2812.5, -1769.5999755859, 49.099998474121, 0, 0, 270);
    CreateObject(3475, 2818.1000976563, -1774.1999511719, 49.099998474121, 0, 0, 270);
    CreateObject(3475, 2812.3999023438, -1774.3000488281, 49.099998474121, 0, 0, 270);
    CreateObject(3475, 2817.6000976563, -1780.8000488281, 49.099998474121, 0, 0, 270);
    CreateObject(3475, 2812.1000976563, -1780.8000488281, 49.099998474121, 0, 0, 270);
    CreateObject(3475, 2817.6000976563, -1786.3000488281, 49.099998474121, 0, 0, 270);
    CreateObject(3475, 2811.8000488281, -1786.4000244141, 49.099998474121, 0, 0, 270);
    CreateObject(3475, 2817.8999023438, -1793.1999511719, 49.099998474121, 0, 0, 270);
    CreateObject(3475, 2812.1000976563, -1793.3000488281, 49.099998474121, 0, 0, 270);
    CreateObject(3475, 2817.6999511719, -1798.5, 49.099998474121, 0, 0, 270);
    CreateObject(3475, 2812, -1798.5, 49.099998474121, 0, 0, 270);
    CreateObject(3475, 2817.6999511719, -1803.5999755859, 49.099998474121, 0, 0, 270);
    CreateObject(3475, 2812, -1803.6999511719, 49.099998474121, 0, 0, 270);
    CreateObject(3475, 2818, -1810, 49.099998474121, 0, 0, 270);
    CreateObject(3475, 2812.3999023438, -1809.9000244141, 49.099998474121, 0, 0, 270);
    CreateObject(3475, 2817.8000488281, -1815.3000488281, 49.099998474121, 0, 0, 270);
    CreateObject(3475, 2812.3000488281, -1815.3000488281, 49.099998474121, 0, 0, 270);
    CreateObject(3475, 2817.8999023438, -1822.5999755859, 49.099998474121, 0, 0, 270);
    CreateObject(3475, 2812.1999511719, -1822.5999755859, 49.099998474121, 0, 0, 270);
    CreateObject(16317, 2747.8999023438, -1747.1999511719, 46.799999237061, 0, 0, 0);
    CreateObject(16317, 2776.5, -1775.1999511719, 46.799999237061, 0, 0, 0);
	//casameliordoniltinho
    CreateObject(8071, -824.59997558594, 375.60000610352, 1.5, 0, 0, 128);
    CreateObject(18483, -742.59997558594, 286.70001220703, 1.6000000238419, 0, 0, 308);
    CreateObject(3749, -763.29998779297, 312.60000610352, 6.4000000953674, 0, 0, 38);
    CreateObject(3475, -772.09997558594, 302.39999389648, 4.0999999046326, 0, 0, 308);
    CreateObject(3475, -776.79998779297, 298.70001220703, 4.0999999046326, 0, 0, 307.99621582031);
    CreateObject(3475, -781.5, 295, 4.0999999046326, 0, 0, 307.99072265625);
    CreateObject(3475, -786.19921875, 291.2998046875, 4.0999999046326, 0, 0, 307.98864746094);
    CreateObject(3475, -790.8984375, 287.599609375, 4.0999999046326, 0, 0, 307.97973632813);
    CreateObject(3475, -795.70001220703, 284, 4.0999999046326, 0, 0, 307.96875);
    CreateObject(3475, -800.296875, 280.19921875, 4.0999999046326, 0, 0, 307.95776367188);
    CreateObject(3475, -804.99609375, 276.4990234375, 4.0999999046326, 0, 0, 307.94677734375);
    CreateObject(3475, -809.6953125, 272.798828125, 4.0999999046326, 0, 0, 307.93579101563);
    CreateObject(3475, -814.39453125, 269.0986328125, 4.0999999046326, 0, 0, 307.9248046875);
    CreateObject(3475, -818.29998779297, 270.70001220703, 2.7999999523163, 0, 0, 217.91931152344);
    CreateObject(3475, -821.90002441406, 275.29998779297, 2.7999999523163, 0, 0, 217.91931152344);
    CreateObject(3475, -825.5, 280, 2.7999999523163, 0, 0, 217.91931152344);
    CreateObject(3475, -829.09997558594, 284.70001220703, 2.7999999523163, 0, 0, 217.91931152344);
    CreateObject(3475, -832.69921875, 289.3994140625, 2.7999999523163, 0, 0, 217.91931152344);
    CreateObject(3475, -836.2998046875, 294.099609375, 2.7999999523163, 0, 0, 217.91931152344);
    CreateObject(3475, -839.900390625, 298.7998046875, 2.7999999523163, 0, 0, 217.91931152344);
    CreateObject(3475, -843.5009765625, 303.5, 2.7999999523163, 0, 0, 217.91931152344);
    CreateObject(3475, -847.1015625, 308.2001953125, 2.7999999523163, 0, 0, 217.91931152344);
    CreateObject(3475, -850.7021484375, 312.900390625, 2.7999999523163, 0, 0, 217.91931152344);
    CreateObject(3475, -854.302734375, 317.6005859375, 2.7999999523163, 0, 0, 217.91931152344);
    CreateObject(3475, -857.9033203125, 322.30078125, 2.7999999523163, 0, 0, 217.91931152344);
    CreateObject(3475, -861.50390625, 327.0009765625, 2.7999999523163, 0, 0, 217.91931152344);
    CreateObject(3475, -865.1044921875, 331.701171875, 2.7999999523163, 0, 0, 217.91931152344);
    CreateObject(3475, -868.70001220703, 336.29998779297, 2.7999999523163, 0, 0, 217.91931152344);
    CreateObject(3475, -872.29553222656, 340.89880371094, 2.7999999523163, 0, 0, 217.91931152344);
    CreateObject(3475, -875.890625, 345.4970703125, 2.7999999523163, 0, 0, 217.91931152344);
    CreateObject(3475, -879.59997558594, 350.20001220703, 2.7999999523163, 0, 0, 217.91931152344);
    CreateObject(3475, -883.30932617188, 354.90295410156, 2.7999999523163, 0, 0, 217.91931152344);
    CreateObject(3475, -887.01867675781, 359.60589599609, 2.7999999523163, 0, 0, 217.91931152344);
    CreateObject(3475, -890.72802734375, 364.30883789063, 2.7999999523163, 0, 0, 217.91931152344);
    CreateObject(3475, -894.43737792969, 369.01177978516, 2.7999999523163, 0, 0, 217.91931152344);
    CreateObject(3475, -898.146484375, 373.7138671875, 2.7999999523163, 0, 0, 217.91931152344);
    CreateObject(3475, -901.85546875, 378.4169921875, 2.7999999523163, 0, 0, 217.91931152344);
    CreateObject(3475, -905.564453125, 383.1201171875, 2.7999999523163, 0, 0, 217.91931152344);
    CreateObject(3475, -909.2734375, 387.8232421875, 2.7999999523163, 0, 0, 217.91931152344);
    CreateObject(3475, -912.982421875, 392.5263671875, 2.7999999523163, 0, 0, 217.91931152344);
    CreateObject(3475, -916.69140625, 397.2294921875, 2.7999999523163, 0, 0, 217.91931152344);
    CreateObject(3475, -920.400390625, 401.9326171875, 2.7999999523163, 0, 0, 217.91931152344);
    CreateObject(3475, -924.109375, 406.6357421875, 2.7999999523163, 0, 0, 217.91931152344);
    CreateObject(3475, -924.20001220703, 411.60000610352, 2.7999999523163, 0, 0, 127.91931152344);
    CreateObject(3475, -919.70001220703, 415.10000610352, 2.7999999523163, 0, 0, 127.91381835938);
    CreateObject(3475, -915.20001220703, 418.60000610352, 2.7999999523163, 0, 0, 127.90832519531);
    CreateObject(3475, -910.70001220703, 422.10000610352, 2.7999999523163, 0, 0, 127.90283203125);
    CreateObject(3475, -906.20001220703, 425.60000610352, 2.7999999523163, 0, 0, 127.89733886719);
    CreateObject(3475, -901.70001220703, 429.10000610352, 2.7999999523163, 0, 0, 127.89184570313);
    CreateObject(3475, -897.19921875, 432.599609375, 2.7999999523163, 0, 0, 127.88635253906);
    CreateObject(3475, -892.69921875, 436.099609375, 2.7999999523163, 0, 0, 127.87536621094);
    CreateObject(3475, -888.19921875, 439.599609375, 2.7999999523163, 0, 0, 127.86437988281);
    CreateObject(3475, -883.69921875, 443.099609375, 2.7999999523163, 0, 0, 127.85339355469);
    CreateObject(3475, -879.19921875, 446.599609375, 2.7999999523163, 0, 0, 127.84240722656);
    CreateObject(3475, -874.69921875, 450.099609375, 2.7999999523163, 0, 0, 127.83142089844);
    CreateObject(3475, -870.19921875, 453.599609375, 2.7999999523163, 0, 0, 127.82046508789);
    CreateObject(3475, -865.69921875, 457.099609375, 2.7999999523163, 0, 0, 127.80947875977);
    CreateObject(3475, -861.19921875, 460.599609375, 2.7999999523163, 0, 0, 127.79849243164);
    CreateObject(3475, -856.69921875, 464.099609375, 2.7999999523163, 0, 0, 127.78750610352);
    CreateObject(3475, -852.19921875, 467.599609375, 2.7999999523163, 0, 0, 127.77651977539);
    CreateObject(3475, -847.69921875, 471.099609375, 2.7999999523163, 0, 0, 127.76553344727);
    CreateObject(3475, -843.19921875, 474.599609375, 2.7999999523163, 0, 0, 127.75454711914);
    CreateObject(3475, -838.69921875, 478.099609375, 2.7999999523163, 0, 0, 127.74353027344);
    CreateObject(3475, -834.70001220703, 481.20001220703, 2.7999999523163, 0, 0, 127.74353027344);
    CreateObject(3475, -830, 479.39999389648, 2.7999999523163, 0, 0, 37.743530273438);
    CreateObject(3475, -826.40002441406, 474.70001220703, 2.7999999523163, 0, 0, 37.743530273438);
    CreateObject(3475, -822.80004882813, 470, 2.7999999523163, 0, 0, 37.743530273438);
    CreateObject(3475, -819.19921875, 465.2998046875, 2.7999999523163, 0, 0, 37.743530273438);
    CreateObject(3475, -815.5, 460.70001220703, 2.7999999523163, 0, 0, 37.743530273438);
    CreateObject(3475, -811.90002441406, 456, 2.7999999523163, 0, 0, 37.743530273438);
    CreateObject(3475, -808.30004882813, 451.29998779297, 2.7999999523163, 0, 0, 37.743530273438);
    CreateObject(3475, -804.70007324219, 446.59997558594, 2.7999999523163, 0, 0, 37.743530273438);
    CreateObject(3475, -801.10009765625, 441.89996337891, 2.7999999523163, 0, 0, 37.743530273438);
    CreateObject(3475, -797.5, 437.19921875, 2.7999999523163, 0, 0, 37.743530273438);
    CreateObject(3475, -793.59997558594, 432.60000610352, 2.7999999523163, 0, 0, 37.743530273438);
    CreateObject(3475, -790, 428, 2.7999999523163, 0, 0, 37.743530273438);
    CreateObject(3475, -786.40002441406, 423.39999389648, 2.7999999523163, 0, 0, 37.743530273438);
    CreateObject(3475, -782.80004882813, 418.79998779297, 2.7999999523163, 0, 0, 37.743530273438);
    CreateObject(3475, -779.20007324219, 414.19998168945, 2.7999999523163, 0, 0, 37.743530273438);
    CreateObject(3475, -775.599609375, 409.599609375, 2.7999999523163, 0, 0, 37.743530273438);
    CreateObject(3475, -772, 404.9990234375, 2.7999999523163, 0, 0, 37.743530273438);
    CreateObject(3475, -768.3994140625, 400.3994140625, 2.7999999523163, 0, 0, 37.743530273438);
    CreateObject(3475, -764.798828125, 395.7998046875, 2.7999999523163, 0, 0, 37.743530273438);
    CreateObject(3475, -761.1982421875, 391.2001953125, 2.7999999523163, 0, 0, 37.743530273438);
    CreateObject(3475, -757.59765625, 386.6005859375, 2.7999999523163, 0, 0, 37.743530273438);
    CreateObject(3475, -753.9970703125, 382.0009765625, 2.7999999523163, 0, 0, 37.743530273438);
    CreateObject(3475, -750.396484375, 377.4013671875, 2.7999999523163, 0, 0, 37.743530273438);
    CreateObject(3475, -746.7958984375, 372.8017578125, 2.7999999523163, 0, 0, 37.743530273438);
    CreateObject(3475, -743.1953125, 368.2021484375, 2.7999999523163, 0, 0, 37.743530273438);
    CreateObject(3475, -739.5947265625, 363.6025390625, 2.7999999523163, 0, 0, 37.743530273438);
    CreateObject(3475, -735.994140625, 359.0029296875, 2.7999999523163, 0, 0, 37.743530273438);
    CreateObject(3475, -732.3935546875, 354.4033203125, 2.7999999523163, 0, 0, 37.743530273438);
    CreateObject(3475, -725.1923828125, 345.2041015625, 2.7999999523163, 0, 0, 37.743530273438);
    CreateObject(3475, -743.1953125, 368.2021484375, 2.7999999523163, 0, 0, 37.743530273438);
    CreateObject(3475, -739.5947265625, 363.6025390625, 2.7999999523163, 0, 0, 37.743530273438);
    CreateObject(3475, -735.994140625, 359.0029296875, 2.7999999523163, 0, 0, 37.743530273438);
    CreateObject(3475, -732.3935546875, 354.4033203125, 2.7999999523163, 0, 0, 37.743530273438);
    CreateObject(3475, -728.90002441406, 349.70001220703, 2.7999999523163, 0, 0, 37.743530273438);
    CreateObject(3475, -725.1923828125, 345.2041015625, 2.7999999523163, 0, 0, 37.743530273438);
    CreateObject(3475, -724.29998779297, 343.5, 2.5, 0, 0, 37.743530273438);
    CreateObject(3475, -725.40002441406, 339.39999389648, 2.7999999523163, 0, 0, 309.74353027344);
    CreateObject(3475, -730.09997558594, 335.60000610352, 2.9000000953674, 0, 0, 309.74304199219);
    CreateObject(3475, -734.79998779297, 331.89999389648, 3.0999999046326, 0, 0, 309.74304199219);
    CreateObject(3475, -739.5, 328.29998779297, 3.7000000476837, 0, 0, 309.74304199219);
    CreateObject(3475, -744, 324.39999389648, 4.0999999046326, 0, 0, 309.74304199219);
    CreateObject(3475, -748.59997558594, 320.70001220703, 3.9000000953674, 0, 0, 309.74304199219);
    CreateObject(3475, -753.5, 318.20001220703, 3.0999999046326, 0, 0, 295.74304199219);
    CreateObject(3607, -839.5, 458.10000610352, 6.5, 0, 0, 218);
    CreateObject(3605, -897.20001220703, 409.20001220703, 6.5, 0, 0, 218);
    CreateObject(3472, -883.79998779297, 426.29998779297, 0.40000000596046, 0, 0, 0);
    CreateObject(3472, -856.40002441406, 448.60000610352, 0.40000000596046, 0, 0, 0);
    CreateObject(7971, -832.90002441406, 314.29998779297, 5.1999998092651, 0, 0, 218);
    CreateObject(7520, -853.70001220703, 340.5, 0.40000000596046, 0, 0, 128);
    CreateObject(3932, -872.09997558594, 445.39999389648, 2.0999999046326, 0, 0, 306);
    CreateObject(3932, -867.40002441406, 449.10000610352, 2.0999999046326, 0, 0, 305.99475097656);
    CreateObject(3932, -862.40002441406, 452.29998779297, 2.0999999046326, 0, 0, 305.99072265625);
    CreateObject(3932, -876.90002441406, 442.29998779297, 2.0999999046326, 0, 0, 305.99670410156);
    CreateObject(3604, -885, 435.70001220703, 2.9000000953674, 0, 0, 38);
    CreateObject(3472, -755.2998046875, 323.5, 0.40000000596046, 0, 0, 0);
    CreateObject(3472, -775.40002441406, 307, 0.40000000596046, 0, 0, 0);
    CreateObject(3472, -830.79998779297, 295.29998779297, 0.40000000596046, 0, 0, 0);
    CreateObject(3472, -841.70001220703, 331.39999389648, 0.40000000596046, 0, 0, 0);
    CreateObject(641, -765.59997558594, 302.60000610352, -0.5, 0, 0, 0);
    CreateObject(641, -752.5, 313.10000610352, -0.5, 0, 0, 0);
    CreateObject(6965, -827.5, 387.60000610352, 5, 0, 0, 0);
    CreateObject(7073, -824.79998779297, 295.39999389648, 18.60000038147, 0, 0, 36);
    CreateObject(3877, -724.20001220703, 342.10000610352, 2, 0, 0, 0);
    CreateObject(3877, -779.79998779297, 411.20001220703, 2, 0, 0, 0);
    CreateObject(3877, -892.90002441406, 369.29998779297, 2, 0, 0, 0);
    CreateObject(7388, -827.40002441406, 320.20001220703, 7.0999999046326, 0, 0, 0);
    CreateObject(3528, -765.5, 302.19921875, 8.3999996185303, 0, 0, 302);
    CreateObject(3528, -752.5, 312.70001220703, 8.1999998092651, 0, 0, 302);
    CreateObject(3472, -716.90002441406, 267.89999389648, 1.6000000238419, 0, 0, 0);
    CreateObject(3472, -728.40002441406, 256.89999389648, 1.6000000238419, 0, 0, 0);
    CreateObject(3877, -753.90002441406, 286.10000610352, 3.2999999523163, 0, 0, 0);
    CreateObject(2985, -729.5, 256.29998779297, 1.6000000238419, 0, 0, 318);
    CreateObject(2985, -715.70001220703, 265, 1.6000000238419, 0, 0, 317.99926757813);
    CreateObject(3279, -733.70001220703, 345.29998779297, 0.40000000596046, 0, 0, 214);
    CreateObject(3279, -784.79998779297, 304.10000610352, 0.40000000596046, 0, 0, 40);
    CreateObject(14537, -773.70001220703, 386.5, 2.2999999523163, 0, 0, 38);
    CreateObject(3472, -778.5, 393.5, 0.40000000596046, 0, 0, 0);
    CreateObject(3472, -766.29998779297, 380.10000610352, 0.40000000596046, 0, 0, 0);
    CreateObject(9241, -757.29998779297, 358.39999389648, 2.4000000953674, 0, 0, 308);
	// casa do niltinho
    CreateObject(987, 1029.5, -665, 119.40000152588, 0, 0, 10);
    CreateObject(987, 1041.1999511719, -662.79998779297, 119.09999847412, 0, 0, 9.99755859375);
    CreateObject(987, 1053.1999511719, -660.79998779297, 119.09999847412, 0, 0, 28);
    CreateObject(987, 1063.1999511719, -655.20001220703, 119.09999847412, 0, 0, 71.998657226563);
    CreateObject(987, 1066.6999511719, -644.20001220703, 118.80000305176, 0, 0, 103.99340820313);
    CreateObject(987, 1063.6999511719, -634.09997558594, 118.69999694824, 0, 18, 95.991088867188);
    CreateObject(987, 1043, -626.70001220703, 116.90000152588, 0, 1, 14);
    CreateObject(987, 1031.4000244141, -629.20001220703, 117.90000152588, 2, 0.999755859375, 13.99658203125);
    CreateObject(987, 1027.3000488281, -630.79998779297, 118.19999694824, 1.99951171875, 0.9942626953125, 277.99658203125);
    CreateObject(987, 1027.3000488281, -630.70001220703, 118.80000305176, 0, 0, 20);
    CreateObject(987, 1028.8000488281, -642.79998779297, 119.09999847412, 1.99951171875, 0.98876953125, 273.99255371094);
    CreateObject(987, 1029.5, -653.29998779297, 119.09999847412, 1.99951171875, 0.9832763671875, 269.98803710938);
    CreateObject(3528, 1056, -655.20001220703, 143.80000305176, 0, 0, 88);
    CreateObject(3528, 1034.5999755859, -658.79998779297, 143.89999389648, 0, 0, 91.994995117188);
    CreateObject(7388, 1045.3000488281, -643.29998779297, 127.09999847412, 0, 0, 0);
    CreateObject(9833, 1056.4000244141, -641.29998779297, 130.19999694824, 0, 0, 10);
    CreateObject(9833, 1034.5999755859, -645.09997558594, 130, 0, 0, 0);
    CreateObject(3877, 1062.5999755859, -634.90002441406, 120.59999847412, 0, 0, 0);
    CreateObject(16778, 1062.3000488281, -648.79998779297, 119.09999847412, 0, 0, 0);
    CreateObject(3472, 1061.3000488281, -630.79998779297, 116.90000152588, 0, 0, 0);
    CreateObject(3472, 1026.4000244141, -633.90002441406, 118.59999847412, 0, 0, 0);
    CreateObject(2745, 1034, -634.5, 120.5, 0, 0, 100);
    CreateObject(2692, 1034, -645.20001220703, 119.90000152588, 0, 0, 188);
    CreateObject(1337, 1046.7314453125, -643.0185546875, 121.86302947998, 0, 0, 0);
    CreateObject(2696, 1055, -637.5, 119.80000305176, 0, 0, 0);
    CreateObject(2696, 1055, -641.59997558594, 122, 0, 0, 0);
    CreateObject(2696, 1055.6999511719, -641.40002441406, 120.40000152588, 0, 0, 0);
    CreateObject(2696, 1056.5, -641.29998779297, 119.80000305176, 0, 0, 0);